<Hierarchy>:
	<Frame>: 0 0 Soldier_demo
		<Transform>: 0 0 0 0 0 0 1 1 1 0 0 0 1  
		<TransformMatrix>: 1 0 0 0 0 1 0 0 0 0 1 0 0 0 0 1  
		<Children>: 3
			<Frame>: 1 0 Bip001
				<Transform>: 0.001267885 1.198592 -0.1016182 275.18 348.8301 105.1317 0.9999999 0.9999999 1 -0.4650635 0.4893139 0.5435992 0.4987864  
				<TransformMatrix>: -0.06985652 0.08715572 -0.9937425 0 -0.9974038 -0.02356827 0.06804674 0 -0.01749009 0.9959159 0.08857572 0 0.001267885 1.198592 -0.1016182 1  
				<Children>: 2
					<Frame>: 2 0 Bip001_Footsteps
						<Transform>: 0 0 -1.271479 0 0 270.0001 1 1 1 0 0 -0.7071063 0.7071072  
						<TransformMatrix>: 1.370907E-06 -0.9999999 0 0 0.9999999 1.370907E-06 0 0 0 0 1 0 0 0 -1.271479 1  
						<Children>: 0
					</Frame>
					<Frame>: 3 0 Bip001_Pelvis
						<Transform>: 0 0 0 298.341 279.2121 171.9479 1 0.9999999 0.9999999 -0.5824996 0.3502793 0.6290573 0.3772075  
						<TransformMatrix>: -0.03681743 0.06649515 -0.9971073 0 -0.8826453 -0.4700379 0.001245111 0 -0.4685954 0.8801379 0.07599723 0 0 0 0 1  
						<Children>: 3
							<Frame>: 4 0 Bip001_L_Thigh
								<Transform>: 2.906799E-07 2.664566E-07 0.1651241 332.1223 176.4554 329.7997 0.9999999 1 1 -0.2599081 0.9346529 0.2246379 0.09170337  
								<TransformMatrix>: -0.8480765 -0.4446476 -0.2881921 0 -0.5270479 0.7639711 0.3722481 0 0.05465121 0.4675859 -0.8822566 0 2.906799E-07 2.664566E-07 0.1651241 1  
								<Children>: 1
									<Frame>: 5 0 Bip001_L_Calf
										<Transform>: -0.6297569 0 0 1.329272E-07 -4.040375E-07 36.51171 0.9999999 0.9999998 0.9999999 -2.901676E-12 -3.711809E-09 0.3132608 0.9496672  
										<TransformMatrix>: 0.8037353 0.594987 7.048148E-09 0 -0.5949869 0.8037352 -2.331039E-09 0 -7.051784E-09 -2.320017E-09 0.9999999 0 -0.6297569 0 0 1  
										<Children>: 1
											<Frame>: 6 0 Bip001_L_Foot
												<Transform>: -0.5100933 -9.868779E-09 1.076588E-08 352.7848 6.575934 352.4315 1 1 1 -0.0664606 0.05296982 -0.06215936 0.9944413  
												<TransformMatrix>: 0.9866608 -0.1306685 -0.09708846 0 0.1165869 0.9834386 -0.1387675 0 0.1136131 0.1255972 0.9855544 0 -0.5100933 -9.868779E-09 1.076588E-08 1  
												<Children>: 1
													<Frame>: 7 0 Bip001_L_Toe0
														<Transform>: -0.1338129 0.1427728 0 3.580729 0.002179243 269.9722 0.9999999 1 0.9999999 0.02207311 0.0221107 -0.7069332 0.7065899  
														<TransformMatrix>: -0.0004868507 -0.9980476 -0.06245481 0 0.9999999 -0.0004835129 -6.829388E-05 0 3.79607E-05 -0.06245484 0.9980477 0 -0.1338129 0.1427728 0 1  
														<Children>: 1
															<Frame>: 8 0 Bip001_L_Toe0Nub
																<Transform>: -0.1245689 0 0 -4.023378E-28 1.094744E-13 180 -0.9999999 -1 -0.9999999 9.553441E-16 1.75553E-30 1 -1.837589E-15  
																<TransformMatrix>: 0.9999999 3.675178E-15 -1.910688E-15 0 -3.675179E-15 1 3.761582E-37 0 -1.910688E-15 -7.022119E-30 -0.9999999 0 -0.1245689 0 0 1  
																<Children>: 0
															</Frame>
													</Frame>
											</Frame>
									</Frame>
							</Frame>
							<Frame>: 9 0 Bip001_R_Thigh
								<Transform>: -2.906799E-07 -1.937866E-07 -0.1651241 357.8445 187.7399 340.7989 1 1 1 -0.1651171 0.9837839 0.02975735 -0.06340482  
								<TransformMatrix>: -0.9374325 -0.3286527 0.1149264 0 -0.3211056 0.9437017 0.07948805 0 -0.1345802 0.03761116 -0.9901888 0 -2.906799E-07 -1.937866E-07 -0.1651241 1  
								<Children>: 1
									<Frame>: 10 0 Bip001_R_Calf
										<Transform>: -0.6297567 2.422333E-08 2.422333E-08 1.102349E-06 1.630103E-06 43.40263 0.9999999 0.9999998 0.9999999 1.419808E-08 9.660003E-09 0.3697681 0.9291241  
										<TransformMatrix>: 0.7265431 0.6871208 -7.45069E-09 0 -0.6871207 0.726543 3.352746E-08 0 2.845067E-08 -1.923963E-08 0.9999999 0 -0.6297567 2.422333E-08 2.422333E-08 1  
										<Children>: 1
											<Frame>: 11 0 Bip001_R_Foot
												<Transform>: -0.5100935 1.211166E-07 -2.422333E-08 349.8898 357.7682 331.5385 1 1 1 -0.0806248 -0.04045999 -0.2464882 0.9649385  
												<TransformMatrix>: 0.8752131 -0.4691676 0.1178289 0 0.482216 0.8654866 -0.1356501 0 -0.03833669 0.1755417 0.9837252 0 -0.5100935 1.211166E-07 -2.422333E-08 1  
												<Children>: 1
													<Frame>: 12 0 Bip001_R_Toe0
														<Transform>: -0.1338129 0.1427729 -2.923763E-08 -8.537731E-06 -4.331938E-05 270 0.9999999 1 0.9999999 2.146261E-07 -3.199932E-07 -0.7071067 0.7071068  
														<TransformMatrix>: 1.788139E-07 -0.9999999 1.490117E-07 0 0.9999999 1.788139E-07 7.560658E-07 0 -7.560658E-07 1.490115E-07 0.9999999 0 -0.1338129 0.1427729 -2.923763E-08 1  
														<Children>: 1
															<Frame>: 13 0 Bip001_R_Toe0Nub
																<Transform>: -0.1245689 0 0 3.889301E-28 -1.094741E-13 2.035555E-13 0.9999999 1 0.9999999 1.697027E-30 -9.553415E-16 1.776357E-15 1  
																<TransformMatrix>: 0.9999999 3.552714E-15 1.910683E-15 0 -3.552714E-15 1 -3.761582E-37 0 -1.910683E-15 -6.788109E-30 0.9999999 0 -0.1245689 0 0 1  
																<Children>: 0
															</Frame>
													</Frame>
											</Frame>
									</Frame>
							</Frame>
							<Frame>: 14 0 Bip001_Spine
								<Transform>: -0.1584345 -5.200748E-05 0.01208181 358.2907 1.446365 354.6124 1 1 0.9999999 -0.0154914 0.01190526 -0.04680172 0.9987131  
								<TransformMatrix>: 0.9953358 -0.09385183 -0.02232983 0 0.09311412 0.9951392 -0.0320573 0 0.02522992 0.02982855 0.9992365 0 -0.1584345 -5.200748E-05 0.01208181 1  
								<Children>: 1
									<Frame>: 15 0 Bip001_Spine1
										<Transform>: -0.3153642 -0.0002282932 7.165914E-05 342.8169 1.810455 352.7713 1 1 1 -0.1500582 0.006173835 -0.05996962 0.9868374  
										<TransformMatrix>: 0.9927312 -0.1202134 0.005812727 0 0.1165077 0.9477724 -0.2969067 0 0.03018301 0.2954257 0.9548888 0 -0.3153642 -0.0002282932 7.165914E-05 1  
										<Children>: 3
											<Frame>: 16 0 Bip001_L_Clavicle
												<Transform>: -0.2919542 -0.0003440197 0.08171383 0.9077864 273.968 167.7624 1 1 1 -0.6776773 -0.07847334 0.7275512 0.07255927  
												<TransformMatrix>: -0.07097746 0.2119404 -0.9747021 0 0.0007780419 -0.9771546 -0.2125303 0 -0.9974779 -0.0158432 0.06919075 0 -0.2919542 -0.0003440197 0.08171383 1  
												<Children>: 1
													<Frame>: 17 0 Bip001_L_UpperArm
														<Transform>: -0.1937085 4.844665E-08 -1.937866E-07 348.0908 319.6168 49.79069 1 1 1 -0.2328331 -0.2704114 0.3604797 0.8618125  
														<TransformMatrix>: 0.593864 0.7472534 0.2982247 0 -0.4954105 0.6316863 -0.5962727 0 -0.6339511 0.2063612 0.7453328 0 -0.1937085 4.844665E-08 -1.937866E-07 1  
														<Children>: 1
															<Frame>: 18 0 Bip001_L_Forearm
																<Transform>: -0.4324162 0 9.689331E-08 2.49118E-06 4.577202E-06 83.87549 1 1 1 4.286673E-08 1.518382E-08 0.6683227 0.7438715  
																<TransformMatrix>: 0.1066895 0.9942924 3.470799E-08 0 -0.9942924 0.1066895 8.407005E-08 0 7.988724E-08 -4.347929E-08 1 0 -0.4324162 0 9.689331E-08 1  
																<Children>: 1
																	<Frame>: 19 0 Bip001_L_Hand
																		<Transform>: -0.386816 4.844665E-08 -9.689331E-08 17.37457 165.4739 159.6184 1 1 1 0.9685043 0.1546996 0.09649374 0.1695771  
																		<TransformMatrix>: 0.933514 0.3323807 0.1344422 0 0.2669282 -0.8946233 0.3583274 0 0.2393762 -0.2986173 -0.9238652 0 -0.386816 4.844665E-08 -9.689331E-08 1  
																		<Children>: 1
																			<Frame>: 20 0 Bip001_L_Finger0
																				<Transform>: -0.1317447 -1.4534E-07 9.689331E-08 349.7341 5.832506 329.6689 1 1 1 -0.0994954 0.02553255 -0.2558289 0.9612494  
																				<TransformMatrix>: 0.8677993 -0.4969115 0.001821313 0 0.48675 0.8493044 -0.2043437 0 0.09999391 0.1782159 0.9788976 0 -0.1317447 -1.4534E-07 9.689331E-08 1  
																				<Children>: 1
																					<Frame>: 21 0 Bip001_L_Finger0Nub
																						<Transform>: -0.1136319 -9.689331E-08 1.211166E-08 -6.403303E-07 8.537737E-07 4.268869E-07 0.9999999 0.9999999 0.9999999 -5.587936E-09 7.450581E-09 3.725291E-09 1  
																						<TransformMatrix>: 0.9999999 7.450581E-09 -1.490116E-08 0 -7.450581E-09 0.9999999 -1.117587E-08 0 1.490116E-08 1.117587E-08 0.9999999 0 -0.1136319 -9.689331E-08 1.211166E-08 1  
																						<Children>: 0
																					</Frame>
																			</Frame>
																	</Frame>
															</Frame>
													</Frame>
											</Frame>
											<Frame>: 22 0 Bip001_Neck
												<Transform>: -0.3653303 0.01716354 3.633499E-08 4.317762E-06 4.347323E-05 345.0497 1 1 1 -1.19958E-08 3.810533E-07 -0.1300958 0.9915015  
												<TransformMatrix>: 0.9661503 -0.2579804 -7.525087E-07 0 0.2579804 0.9661503 -1.229346E-07 0 7.58751E-07 -7.535915E-08 1 0 -0.3653303 0.01716354 3.633499E-08 1  
												<Children>: 1
													<Frame>: 23 0 Bip001_Head
														<Transform>: -0.116821 0 -1.211166E-08 41.83369 21.73412 27.93945 0.9999999 0.9999999 1 0.3827543 0.08625736 0.1561392 0.9064654  
														<TransformMatrix>: 0.9363604 0.3491003 -0.0368527 0 -0.2170388 0.6582394 0.7208432 0 0.2759045 -0.6669707 0.6921177 0 -0.116821 0 -1.211166E-08 1  
														<Children>: 1
															<Frame>: 24 0 Bip001_HeadNub
																<Transform>: -0.3104816 1.513958E-09 0 -4.718268E-18 -3.882513E-19 0 1 0.9999999 0.9999999 -4.117466E-20 -3.388132E-21 -1.395049E-40 1  
																<TransformMatrix>: 1 0 6.776264E-21 0 5.580195E-40 0.9999999 -8.234931E-20 0 -6.776263E-21 8.234931E-20 0.9999999 0 -0.3104816 1.513958E-09 0 1  
																<Children>: 0
															</Frame>
													</Frame>
											</Frame>
											<Frame>: 25 0 Bip001_R_Clavicle
												<Transform>: -0.291954 -0.0003435352 -0.08171383 0.7639338 75.84342 183.2118 1 1 1 0.6141817 -0.0224799 0.7886388 -0.01801118  
												<TransformMatrix>: -0.2449129 -0.05602211 0.9679253 0 0.000795141 -0.9983407 -0.05758131 0 0.9695449 -0.01333277 0.244551 0 -0.291954 -0.0003435352 -0.08171383 1  
												<Children>: 1
													<Frame>: 26 0 Bip001_R_UpperArm
														<Transform>: -0.1937085 4.844665E-08 -3.875732E-07 341.9206 14.15061 72.11097 1 1 1 -0.05445926 0.1901136 0.5924779 0.780936  
														<TransformMatrix>: 0.2256536 0.9046677 -0.361465 0 -0.9460815 0.2920083 0.1402178 0 0.2324014 0.3103347 0.9217821 0 -0.1937085 4.844665E-08 -3.875732E-07 1  
														<Children>: 1
															<Frame>: 27 0 Bip001_R_Forearm
																<Transform>: -0.4324162 1.211166E-08 9.689331E-08 2.365499E-06 6.124284E-07 111.5934 1 1 1 1.602412E-08 -1.406837E-08 0.8270481 0.5621312  
																<TransformMatrix>: -0.3680172 0.9298192 4.232198E-08 0 -0.929819 -0.3680172 -5.25513E-09 0 1.068889E-08 -4.128575E-08 1 0 -0.4324162 1.211166E-08 9.689331E-08 1  
																<Children>: 1
																	<Frame>: 28 0 Bip001_R_Hand
																		<Transform>: -0.3868161 9.689331E-08 0 28.71511 203.8416 229.9959 1 1 1 0.8807259 -0.3541356 -0.07883272 0.304459  
																		<TransformMatrix>: 0.7367467 -0.6717955 0.07677948 0 -0.5757902 -0.5637856 0.5921248 0 -0.3544996 -0.4804549 -0.8021805 0 -0.3868161 9.689331E-08 0 1  
																		<Children>: 1
																			<Frame>: 29 0 Bip001_R_Finger0
																				<Transform>: -0.1317446 -2.422333E-08 1.937866E-07 5.413485 352.7989 307.3886 1 0.9999999 1 0.07004942 -0.03534728 -0.4391333 0.8949892  
																				<TransformMatrix>: 0.6118251 -0.7909912 0.001748808 0 0.7810869 0.6045101 0.1564313 0 -0.1247929 -0.09434263 0.9876874 0 -0.1317446 -2.422333E-08 1.937866E-07 1  
																				<Children>: 1
																					<Frame>: 30 0 Bip001_R_Finger0Nub
																						<Transform>: -0.1136318 9.689331E-08 -1.211166E-08 4.268868E-07 8.537735E-07 180 -1 -1 -1 7.45058E-09 -3.72529E-09 1 3.72529E-09  
																						<TransformMatrix>: 1 -7.450581E-09 -1.490116E-08 0 7.450581E-09 1 7.450581E-09 0 -1.490116E-08 7.450581E-09 -1 0 -0.1136318 9.689331E-08 -1.211166E-08 1  
																						<Children>: 0
																					</Frame>
																			</Frame>
																	</Frame>
															</Frame>
													</Frame>
											</Frame>
									</Frame>
							</Frame>
					</Frame>
			</Frame>
			<Frame>: 31 0 Soldier_mesh
				<Transform>: 0 0 0 270 0 0 1 1 1 -0.7071068 0 0 0.7071068  
				<TransformMatrix>: 1 0 0 0 0 -1.192093E-07 -1 0 0 1 -1.192093E-07 0 0 0 0 1  
				<SkinningInfo>: Soldier_mesh
					<BonesPerVertex>: 4
					<Bounds>: -0.006183207 0.1467449 -0.1891148 1.286837 0.5250369 1.211721
					<BoneNames>: 20 Bip001_Spine Bip001_Spine1 Bip001_Pelvis Bip001_L_Thigh Bip001_L_Calf Bip001_R_Thigh Bip001_L_Foot Bip001_L_Toe0 Bip001_R_Calf Bip001_R_Foot Bip001_R_Toe0 Bip001_Head Bip001_L_Forearm Bip001_L_Hand Bip001_L_UpperArm Bip001_L_Finger0 Bip001_R_Forearm Bip001_R_Hand Bip001_R_UpperArm Bip001_R_Finger0  
					<BoneOffsets>: 20 6.187599E-08 1.404091E-06 -1 0 0.04513502 -0.9989809 -1.399867E-06 0 -0.9989809 -0.04513502 -1.251866E-07 0 1.442086 0.0871098 2.118844E-07 1 -4.451362E-08 1.403416E-06 -1 0 -0.03247028 -0.9994728 -1.401231E-06 0 -0.9994727 0.03247029 9.005964E-08 0 1.758885 -0.04919695 -1.661764E-07 1 1.3868E-06 -2.757707E-06 -1 0 0 -1 2.757707E-06 0 -1 -3.636636E-12 -1.3868E-06 0 1.285666 0.02168165 1.723171E-06 1 0.0104124 0.0006081461 0.9999456 0 -0.0235928 -0.9997212 0.0008536804 0 0.9996674 -0.02360041 -0.01039515 0 -1.283008 0.05211845 0.1784612 1 0.01042999 -5.698256E-05 0.9999455 0 -0.08729143 -0.9961824 0.00085373 0 0.9961283 -0.08729561 -0.01039514 0 -0.6485984 0.09366659 0.1784612 1 -0.01041263 -0.0006109215 0.9999456 0 -0.02359276 -0.9997212 -0.0008564607 0 0.9996674 -0.02360041 0.01039532 0 -1.283008 0.05211845 -0.1784614 1 4.371121E-08 -1.370907E-06 1 0 -1.398706E-13 -1 -1.370907E-06 0 1 0 -4.371134E-08 0 -0.1480006 0.08106611 0.1770017 1 1.371604E-06 4.371134E-08 1 0 1 0 -1.371604E-06 0 1.398706E-13 1 -4.371136E-08 0 0.06170673 -0.01418765 0.1770017 1 -0.0104304 5.42672E-05 0.9999455 0 -0.0872914 -0.9961824 -0.0008564707 0 0.9961283 -0.08729561 0.01039532 0 -0.6485984 0.09366658 -0.1784614 1 4.371135E-08 -1.370907E-06 1 0 -1.398706E-13 -1 -1.370907E-06 0 1 0 -4.371148E-08 0 -0.1480006 0.0810661 -0.1770019 1 1.371604E-06 -4.371143E-08 1 0 1 1.398706E-13 -1.371604E-06 0 1.398706E-13 1 4.371154E-08 0 0.06170674 -0.01418765 -0.1770019 1 1.343089E-06 1.402693E-06 -1 0 0 -1 -1.402693E-06 0 -1 1.883882E-12 -1.343089E-06 0 2.239036 -0.02380841 2.932312E-06 1 0.6168453 -0.1854868 -0.7649161 0 0.2135998 0.9748138 -0.06413397 0 0.7575468 -0.1238252 0.6409291 0 -0.9387473 0.1013382 -1.499839 1 0.51493 0.826036 -0.2291541 0 0.284832 0.08726171 0.9545974 0 0.8085281 -0.5568213 -0.1903478 0 -0.6977131 1.43271 0.1579664 1 0.6407784 -0.06562366 -0.7649161 0 0.02560941 0.9976127 -0.06413388 0 0.7672988 0.02150656 0.6409291 0 -1.373405 -0.07781784 -1.499839 1 0.04296358 0.9725964 -0.2284965 0 0.205673 0.2151988 0.9546665 0 0.9776772 -0.08801144 -0.1907911 0 -1.196397 0.9701809 0.1591069 1 -0.6168446 0.1854895 -0.764916 0 0.2136015 0.9748132 0.06413609 0 0.7575468 -0.1238252 -0.6409292 0 -0.9387474 0.1013382 1.499839 1 -0.5149292 -0.8260357 -0.2291567 0 0.2848334 0.08726402 -0.9545968 0 0.8085282 -0.5568212 0.1903478 0 -0.6977133 1.43271 -0.1579664 1 -0.6407782 0.06562641 -0.7649158 0 0.02561116 0.9976125 0.06413598 0 0.7672987 0.02150656 -0.6409292 0 -1.373405 -0.07781786 1.499839 1 -0.04296295 -0.9725957 -0.2284994 0 0.2056732 0.2152017 -0.9546658 0 0.9776772 -0.08801147 0.1907911 0 -1.196397 0.9701807 -0.1591067 1  
					<BoneIndices>: 1757 1 0 0 0 1 0 0 0 1 0 0 0 1 0 0 0 1 0 0 0 1 0 0 0 1 0 0 0 1 0 0 0 1 0 0 0 1 0 0 0 1 0 0 0 1 0 0 0 1 0 0 0 1 0 0 0 1 0 0 0 1 0 0 0 1 0 0 0 1 0 0 0 1 0 0 0 1 0 0 0 1 0 0 0 1 0 0 0 1 0 0 0 1 0 0 0 1 0 0 0 1 0 0 0 1 0 0 0 1 0 0 0 1 0 0 0 1 0 0 0 1 0 0 0 1 0 0 0 1 0 0 0 1 0 0 0 1 0 0 0 1 0 0 0 1 0 0 0 1 0 0 0 1 0 0 0 1 0 0 0 1 0 0 0 1 0 0 0 1 0 0 0 1 0 0 0 1 0 0 0 1 0 0 0 1 0 0 0 1 0 0 0 1 0 0 0 1 0 0 0 1 0 0 0 11 0 0 0 11 0 0 0 11 0 0 0 11 0 0 0 11 0 0 0 11 0 0 0 11 0 0 0 11 0 0 0 11 0 0 0 11 0 0 0 11 0 0 0 11 0 0 0 11 0 0 0 11 0 0 0 11 0 0 0 11 0 0 0 11 0 0 0 11 0 0 0 11 0 0 0 11 0 0 0 11 0 0 0 11 0 0 0 11 0 0 0 11 0 0 0 11 0 0 0 11 0 0 0 11 0 0 0 11 0 0 0 11 0 0 0 11 0 0 0 11 0 0 0 11 0 0 0 11 0 0 0 11 0 0 0 11 0 0 0 11 0 0 0 11 0 0 0 11 0 0 0 11 0 0 0 11 0 0 0 11 0 0 0 11 0 0 0 11 0 0 0 11 0 0 0 11 0 0 0 11 0 0 0 11 0 0 0 11 0 0 0 2 0 0 0 0 1 2 0 2 0 0 0 0 1 2 0 1 0 0 0 2 0 0 0 1 0 0 0 1 0 0 0 0 1 2 0 2 0 0 0 1 0 0 0 2 0 0 0 2 0 0 0 2 0 0 0 1 0 0 0 1 0 0 0 1 0 0 0 1 0 0 0 1 0 0 0 1 0 0 0 1 0 0 0 1 0 0 0 1 0 0 0 1 0 0 0 1 0 0 0 1 0 0 0 0 1 2 0 1 0 2 0 2 0 0 0 0 1 2 0 2 0 0 0 2 0 0 0 0 1 2 0 1 2 0 0 1 0 0 0 1 0 0 0 1 0 0 0 1 0 0 0 1 0 0 0 2 0 0 0 2 0 0 0 2 0 0 0 2 0 0 0 2 0 0 0 2 0 0 0 2 0 0 0 2 0 0 0 2 0 0 0 0 1 2 0 2 0 0 0 2 0 0 0 0 1 2 0 2 0 0 0 1 0 0 0 0 1 2 0 2 0 0 0 1 0 0 0 1 0 0 0 1 0 0 0 2 0 0 0 2 0 0 0 2 0 0 0 1 0 0 0 1 0 0 0 1 0 0 0 1 0 0 0 1 0 0 0 1 0 0 0 1 0 0 0 1 0 0 0 1 0 0 0 1 0 0 0 1 0 0 0 1 0 0 0 0 1 2 0 1 0 2 0 2 0 0 0 0 1 2 0 2 0 0 0 2 0 0 0 0 1 2 0 1 2 0 0 1 0 0 0 1 0 0 0 1 0 0 0 1 0 0 0 1 0 0 0 2 0 0 0 2 0 0 0 2 0 0 0 2 0 0 0 2 0 0 0 2 0 0 0 2 0 0 0 2 0 0 0 2 0 0 0 4 0 0 0 4 0 0 0 4 0 0 0 4 0 0 0 4 0 0 0 4 0 0 0 2 3 0 0 2 5 0 0 2 5 0 0 2 3 0 0 3 0 0 0 2 5 0 0 3 0 0 0 3 4 0 0 2 3 0 0 2 3 0 0 2 0 0 0 3 4 0 0 3 0 0 0 3 4 0 0 3 4 0 0 3 4 0 0 3 4 0 0 4 3 0 0 4 0 0 0 3 4 0 0 3 4 0 0 4 0 0 0 4 0 0 0 4 0 0 0 4 3 0 0 4 0 0 0 4 0 0 0 4 3 0 0 3 4 0 0 4 3 0 0 4 0 0 0 4 0 0 0 3 4 0 0 4 3 0 0 4 0 0 0 3 4 0 0 4 3 0 0 3 4 0 0 4 0 0 0 4 0 0 0 3 4 0 0 3 4 0 0 3 4 0 0 3 4 0 0 3 4 0 0 3 4 0 0 3 4 0 0 3 0 0 0 3 0 0 0 2 3 0 0 3 0 0 0 3 0 0 0 3 4 0 0 2 3 0 0 2 5 0 0 2 5 0 0 3 2 0 0 2 3 0 0 2 0 5 0 3 4 0 0 3 2 0 0 2 0 3 0 2 0 0 0 2 0 0 0 2 0 0 0 2 3 0 0 2 0 3 0 2 0 0 0 2 0 0 0 2 0 0 0 2 0 3 0 2 0 0 0 2 0 0 0 2 0 0 0 2 0 3 0 2 3 0 0 3 2 0 0 3 0 0 0 3 0 0 0 3 0 0 0 3 0 0 0 3 0 0 0 3 4 0 0 3 4 0 0 3 4 0 0 3 4 0 0 3 4 0 0 3 4 0 0 4 3 0 0 4 3 0 0 4 3 0 0 4 3 0 0 4 3 0 0 4 3 0 0 4 0 0 0 4 6 0 0 4 0 0 0 4 6 0 0 6 4 0 0 4 6 0 0 4 0 0 0 4 0 0 0 6 4 0 0 6 0 0 0 6 0 0 0 6 7 0 0 6 4 7 0 7 6 0 0 4 6 0 0 7 6 0 0 7 6 0 0 6 4 7 0 7 6 0 0 7 6 0 0 7 6 0 0 7 6 0 0 6 4 7 0 6 7 0 0 4 6 0 0 4 0 0 0 4 0 0 0 6 4 0 0 6 0 0 0 6 0 0 0 6 4 0 0 4 6 0 0 4 6 0 0 4 0 0 0 6 0 0 0 6 0 0 0 6 0 0 0 6 7 0 0 6 7 0 0 7 6 0 0 7 6 0 0 7 6 0 0 7 6 0 0 8 0 0 0 8 0 0 0 8 0 0 0 8 0 0 0 8 0 0 0 8 0 0 0 2 5 0 0 2 5 0 0 2 5 0 0 2 5 0 0 5 0 0 0 2 5 0 0 5 0 0 0 5 8 0 0 2 5 0 0 2 5 0 0 2 0 0 0 5 8 0 0 5 0 0 0 5 8 0 0 5 8 0 0 5 8 0 0 5 8 0 0 8 5 0 0 8 0 0 0 5 8 0 0 5 8 0 0 8 0 0 0 8 0 0 0 8 0 0 0 8 5 0 0 8 0 0 0 8 0 0 0 8 5 0 0 5 8 0 0 8 5 0 0 8 0 0 0 8 0 0 0 5 8 0 0 8 5 0 0 8 0 0 0 5 8 0 0 8 5 0 0 5 8 0 0 8 0 0 0 8 0 0 0 5 8 0 0 5 8 0 0 5 8 0 0 5 8 0 0 5 8 0 0 5 8 0 0 5 8 0 0 5 0 0 0 5 0 0 0 2 5 0 0 5 0 0 0 5 0 0 0 5 8 0 0 2 5 0 0 2 5 0 0 2 5 0 0 5 2 0 0 2 5 0 0 2 0 5 0 5 8 0 0 5 2 0 0 2 0 5 0 2 0 0 0 2 0 0 0 2 0 0 0 2 5 0 0 2 0 5 0 2 0 0 0 2 0 0 0 2 0 0 0 2 0 5 0 2 0 0 0 2 0 0 0 2 0 0 0 2 0 5 0 2 5 0 0 5 2 0 0 5 0 0 0 5 0 0 0 5 0 0 0 5 0 0 0 5 0 0 0 5 8 0 0 5 8 0 0 5 8 0 0 5 8 0 0 5 8 0 0 5 8 0 0 8 5 0 0 8 5 0 0 8 5 0 0 8 5 0 0 8 5 0 0 8 5 0 0 8 9 0 0 8 0 0 0 8 0 0 0 8 9 0 0 9 8 0 0 8 9 0 0 8 0 0 0 8 0 0 0 9 8 0 0 9 0 0 0 9 0 0 0 9 10 0 0 9 8 10 0 10 9 0 0 8 9 0 0 10 9 0 0 10 9 0 0 9 8 10 0 10 9 0 0 10 9 0 0 10 9 0 0 10 9 0 0 9 8 10 0 9 10 0 0 8 9 0 0 8 0 0 0 8 0 0 0 9 8 0 0 9 0 0 0 9 0 0 0 9 8 0 0 8 9 0 0 8 9 0 0 8 0 0 0 9 0 0 0 9 0 0 0 9 0 0 0 9 10 0 0 9 10 0 0 10 9 0 0 10 9 0 0 10 9 0 0 10 9 0 0 11 0 0 0 1 0 0 0 11 0 0 0 11 0 0 0 11 1 0 0 11 0 0 0 11 0 0 0 11 1 0 0 1 0 0 0 1 0 0 0 11 0 0 0 11 0 0 0 11 0 0 0 11 0 0 0 11 1 0 0 1 0 0 0 1 11 0 0 1 0 0 0 11 0 0 0 11 0 0 0 11 0 0 0 11 0 0 0 11 0 0 0 11 0 0 0 11 0 0 0 11 0 0 0 11 0 0 0 11 0 0 0 11 0 0 0 11 0 0 0 11 0 0 0 11 0 0 0 1 0 0 0 11 0 0 0 11 0 0 0 11 0 0 0 11 1 0 0 11 0 0 0 11 0 0 0 11 1 0 0 1 0 0 0 1 0 0 0 11 0 0 0 11 0 0 0 11 0 0 0 11 0 0 0 11 1 0 0 1 0 0 0 1 11 0 0 1 0 0 0 11 0 0 0 11 0 0 0 11 0 0 0 11 0 0 0 11 0 0 0 11 0 0 0 11 0 0 0 11 0 0 0 11 0 0 0 11 0 0 0 11 0 0 0 11 0 0 0 11 0 0 0 11 0 0 0 12 13 0 0 12 0 0 0 12 13 0 0 12 0 0 0 12 13 0 0 12 0 0 0 12 0 0 0 12 13 0 0 12 0 0 0 12 0 0 0 12 13 0 0 12 0 0 0 12 14 0 0 14 12 0 0 14 12 0 0 1 14 0 0 12 0 0 0 12 13 0 0 12 0 0 0 12 14 0 0 12 14 0 0 12 14 0 0 12 0 0 0 14 12 0 0 14 12 0 0 14 0 0 0 14 12 0 0 14 12 0 0 14 0 0 0 1 14 0 0 1 14 0 0 14 1 0 0 1 0 0 0 1 0 0 0 1 14 0 0 1 0 0 0 14 1 0 0 1 14 0 0 1 0 0 0 14 1 0 0 1 14 0 0 1 0 0 0 1 0 0 0 14 0 0 0 14 0 0 0 14 0 0 0 14 0 0 0 14 1 0 0 1 14 0 0 1 0 0 0 12 13 0 0 12 13 0 0 12 13 0 0 12 13 0 0 12 13 0 0 15 13 12 0 15 13 12 0 15 13 12 0 15 13 12 0 13 12 15 0 15 13 12 0 15 13 12 0 15 13 12 0 15 13 12 0 15 13 12 0 15 13 12 0 15 13 12 0 15 13 12 0 15 13 12 0 15 13 12 0 13 15 12 0 13 12 15 0 13 12 15 0 13 12 0 0 13 12 0 0 13 15 12 0 12 13 0 0 13 15 12 0 13 12 0 0 13 12 0 0 13 12 0 0 12 13 0 0 12 0 0 0 12 0 0 0 12 0 0 0 12 13 0 0 12 0 0 0 12 13 0 0 13 12 0 0 13 12 0 0 13 12 0 0 13 12 0 0 13 12 0 0 13 12 0 0 12 0 0 0 13 12 0 0 13 12 0 0 13 12 0 0 13 12 0 0 13 12 0 0 13 12 0 0 13 12 0 0 13 12 0 0 13 12 0 0 13 12 0 0 13 12 0 0 16 0 0 0 16 17 0 0 16 17 0 0 16 0 0 0 16 17 0 0 16 0 0 0 16 0 0 0 16 17 0 0 16 0 0 0 16 0 0 0 16 17 0 0 16 0 0 0 16 18 0 0 18 16 0 0 18 16 0 0 1 18 0 0 16 0 0 0 16 17 0 0 16 0 0 0 16 18 0 0 16 18 0 0 16 18 0 0 16 0 0 0 18 16 0 0 18 16 0 0 18 0 0 0 18 16 0 0 18 16 0 0 18 0 0 0 1 18 0 0 1 18 0 0 18 1 0 0 1 0 0 0 1 0 0 0 1 18 0 0 1 0 0 0 18 1 0 0 1 18 0 0 1 0 0 0 18 1 0 0 1 18 0 0 1 0 0 0 1 0 0 0 1 0 0 0 1 18 0 0 18 1 0 0 18 0 0 0 18 0 0 0 18 0 0 0 18 0 0 0 16 17 0 0 16 17 0 0 16 17 0 0 16 17 0 0 16 17 0 0 19 17 16 0 19 17 16 0 19 17 16 0 19 17 16 0 17 16 19 0 19 17 16 0 19 17 16 0 19 17 16 0 19 17 16 0 19 17 16 0 19 17 16 0 19 17 16 0 19 17 16 0 19 17 16 0 19 17 16 0 17 19 16 0 17 16 19 0 17 16 19 0 17 16 0 0 17 16 0 0 17 19 16 0 16 17 0 0 17 19 16 0 17 16 0 0 17 16 0 0 17 16 0 0 16 17 0 0 16 0 0 0 16 0 0 0 16 0 0 0 16 17 0 0 16 0 0 0 16 17 0 0 17 16 0 0 17 16 0 0 17 16 0 0 17 16 0 0 17 16 0 0 17 16 0 0 16 0 0 0 17 16 0 0 17 16 0 0 17 16 0 0 17 16 0 0 17 16 0 0 17 16 0 0 17 16 0 0 17 16 0 0 17 16 0 0 17 16 0 0 17 16 0 0 11 0 0 0 11 0 0 0 11 0 0 0 11 0 0 0 11 0 0 0 11 0 0 0 11 0 0 0 11 0 0 0 11 0 0 0 11 0 0 0 11 0 0 0 11 0 0 0 11 0 0 0 11 0 0 0 11 0 0 0 11 0 0 0 11 0 0 0 11 0 0 0 11 0 0 0 11 0 0 0 11 0 0 0 11 0 0 0 11 0 0 0 11 0 0 0 11 0 0 0 11 0 0 0 11 0 0 0 11 0 0 0 11 0 0 0 11 0 0 0 11 0 0 0 11 0 0 0 11 0 0 0 11 0 0 0 11 0 0 0 11 0 0 0 11 0 0 0 11 0 0 0 11 0 0 0 11 0 0 0 11 0 0 0 11 0 0 0 11 0 0 0 11 0 0 0 11 0 0 0 11 0 0 0 11 0 0 0 11 0 0 0 11 0 0 0 11 0 0 0 11 0 0 0 11 0 0 0 11 0 0 0 11 0 0 0 11 0 0 0 11 0 0 0 11 0 0 0 11 0 0 0 11 0 0 0 11 0 0 0 11 0 0 0 11 0 0 0 11 0 0 0 11 0 0 0 11 0 0 0 11 0 0 0 11 0 0 0 11 0 0 0 11 0 0 0 11 0 0 0 1 0 0 0 1 0 0 0 1 0 0 0 1 0 0 0 1 0 0 0 1 0 0 0 1 0 0 0 1 0 0 0 1 0 0 0 1 0 0 0 1 0 0 0 1 0 0 0 1 0 0 0 1 0 0 0 1 0 0 0 1 0 0 0 1 0 0 0 1 0 0 0 1 0 0 0 1 0 0 0 1 0 0 0 1 0 0 0 1 0 0 0 1 0 0 0 1 0 0 0 1 0 0 0 1 0 0 0 1 0 0 0 1 0 0 0 1 0 0 0 1 0 0 0 1 0 0 0 1 0 0 0 1 0 0 0 1 0 0 0 1 0 0 0 1 0 0 0 1 0 0 0 1 0 0 0 1 0 0 0 1 0 0 0 1 0 0 0 1 0 0 0 1 0 0 0 1 0 0 0 1 0 0 0 1 0 0 0 1 0 0 0 1 0 0 0 1 0 0 0 1 0 0 0 1 0 0 0 1 0 0 0 1 0 0 0 1 0 0 0 1 0 0 0 11 0 0 0 11 0 0 0 11 0 0 0 11 0 0 0 11 0 0 0 11 0 0 0 11 0 0 0 11 0 0 0 11 0 0 0 11 0 0 0 11 0 0 0 11 0 0 0 11 0 0 0 11 0 0 0 11 0 0 0 11 0 0 0 11 0 0 0 11 0 0 0 11 0 0 0 11 0 0 0 11 0 0 0 11 0 0 0 11 0 0 0 11 0 0 0 11 0 0 0 11 0 0 0 11 0 0 0 11 0 0 0 11 0 0 0 11 0 0 0 11 0 0 0 11 0 0 0 5 0 0 0 5 0 0 0 5 0 0 0 5 0 0 0 5 0 0 0 5 0 0 0 5 0 0 0 5 0 0 0 5 0 0 0 5 0 0 0 5 0 0 0 5 0 0 0 5 0 0 0 5 0 0 0 5 0 0 0 5 0 0 0 5 0 0 0 5 0 0 0 5 0 0 0 5 0 0 0 5 0 0 0 5 0 0 0 5 0 0 0 5 0 0 0 5 0 0 0 5 0 0 0 5 0 0 0 5 0 0 0 5 0 0 0 5 0 0 0 5 0 0 0 5 0 0 0 5 0 0 0 5 0 0 0 5 0 0 0 5 0 0 0 5 0 0 0 5 0 0 0 5 0 0 0 5 0 0 0 5 0 0 0 5 0 0 0 5 0 0 0 5 0 0 0 5 0 0 0 5 0 0 0 1 0 0 0 1 0 0 0 1 0 0 0 1 0 0 0 1 0 0 0 1 0 0 0 1 0 0 0 1 0 0 0 1 0 0 0 1 0 0 0 1 0 0 0 1 0 0 0 1 0 0 0 1 0 0 0 0 1 0 0 0 1 0 0 0 1 0 0 0 1 0 0 0 1 0 0 1 0 0 0 1 0 0 0 1 0 0 0 0 1 0 0 0 1 0 0 0 1 0 0 1 0 0 0 1 0 0 0 1 0 0 0 1 0 0 0 1 0 0 0 1 0 0 0 1 0 0 0 1 0 0 0 1 0 0 0 1 0 0 0 1 0 0 0 1 0 0 0 1 0 0 0 1 0 0 0 1 0 0 0 1 0 0 0 1 0 0 0 1 0 0 0 1 0 0 0 1 0 0 0 1 0 0 0 1 0 0 0 1 0 0 0 1 0 0 0 1 0 0 0 1 0 0 0 1 0 0 0 1 0 0 0 1 0 0 0 1 0 0 0 1 0 0 0 1 0 0 0 0 2 1 0 0 2 1 0 0 2 1 0 0 2 1 0 0 2 1 0 0 2 1 0 0 2 1 0 0 1 0 0 0 2 1 0 0 1 0 0 0 1 0 0 0 1 0 0 0 2 1 0 0 1 0 0 0 1 0 0 0 2 1 0 0 2 1 0 0 2 1 0 0 2 1 0 0 1 0 0 0 1 0 0 0 2 1 0 0 2 1 0 0 2 1 0 0 1 0 0 0 1 0 0 0 2 1 0 0 1 0 0 0 2 1 0 0 1 0 0 0 1 0 0 0 1 0 0 0 2 1 0 0 2 1 0 0 2 1 0 0 2 1 0 0 1 0 0 0 1 0 0 0 1 0 0 0 1 0 0 0 1 0 0 0 1 0 0 0 1 0 0 0 1 0 0 0 2 1 0 0 1 0 0 0 2 1 0 0 1 0 0 0 1 0 0 0 1 0 0 0 1 0 0 0 1 0 0 0 1 0 0 0 1 0 0 0 1 0 0 0 1 0 0 0 2 1 0 0 2 1 0 0 2 1 0 0 2 1 0 0 2 1 0 0 2 1 0 0 2 1 0 0 2 1 0 0 2 1 0 0 1 0 0 0 2 1 0 0 1 0 0 0 1 0 0 0 1 0 0 0 2 1 0 0 1 0 0 0 1 0 0 0 2 1 0 0 2 1 0 0 2 1 0 0 2 1 0 0 1 0 0 0 1 0 0 0 2 1 0 0 2 1 0 0 2 1 0 0 1 0 0 0 1 0 0 0 2 1 0 0 2 1 0 0 2 1 0 0 2 1 0 0 2 1 0 0 2 1 0 0 2 1 0 0 1 0 0 0 2 1 0 0 1 0 0 0 1 0 0 0 1 0 0 0 2 1 0 0 1 0 0 0 1 0 0 0 2 1 0 0 2 1 0 0 2 1 0 0 2 1 0 0 1 0 0 0 1 0 0 0 2 1 0 0 2 1 0 0 2 1 0 0 1 0 0 0 1 0 0 0 2 1 0 0 1 0 0 0 2 1 0 0 1 0 0 0 1 0 0 0 1 0 0 0 2 1 0 0 2 1 0 0 2 1 0 0 2 1 0 0 1 0 0 0 1 0 0 0 1 0 0 0 1 0 0 0 1 0 0 0 1 0 0 0 1 0 0 0 1 0 0 0 2 1 0 0 1 0 0 0 2 1 0 0 1 0 0 0 1 0 0 0 1 0 0 0 1 0 0 0 1 0 0 0 1 0 0 0 1 0 0 0 1 0 0 0 1 0 0 0 2 1 0 0 2 1 0 0 2 1 0 0 1 2 0 0 2 1 0 0 1 2 0 0 1 0 0 0 1 0 0 0 2 1 0 0 2 1 0 0 2 1 0 0 2 1 0 0 1 2 0 0 1 2 0 0 1 2 0 0 1 2 0 0 1 0 0 0 1 0 0 0 1 0 0 0 1 0 0 0 2 1 0 0 1 2 0 0 2 1 0 0 1 2 0 0 1 0 0 0 1 0 0 0 1 2 0 0 1 0 0 0 1 2 0 0 1 0 0 0 1 2 0 0 1 2 0 0 2 1 0 0 2 1 0 0 2 1 0 0 1 2 0 0 2 1 0 0 1 2 0 0 1 0 0 0 1 0 0 0 2 1 0 0 2 1 0 0 2 1 0 0 2 1 0 0 1 2 0 0 1 2 0 0 1 2 0 0 1 2 0 0 1 0 0 0 1 0 0 0 1 0 0 0 1 0 0 0 2 1 0 0 1 2 0 0 2 1 0 0 1 2 0 0 1 0 0 0 1 0 0 0 1 2 0 0 1 0 0 0 1 2 0 0 1 0 0 0 1 2 0 0 1 2 0 0 2 1 0 0 2 1 0 1 0 0 0 1 0 0 0 1 0 0 0 1 0 0 0 1 0 0 0 1 0 0 0 1 0 0 0 1 0 0 0 1 0 0 0 1 0 0 0 1 0 0 0 1 0 0 0 1 0 0 0 1 0 0 0 1 0 0 0 1 0 0 0 1 0 0 0 1 0 0 0 1 0 0 0 1 0 0 0 1 0 0 0 1 0 0 0 1 0 0 0 1 0 0 0 1 0 0 0 1 0 0 0 1 0 0 0 1 0 0 0 1 0 0 0 1 0 0 0 1 0 0 0 1 0 0 0 1 0 0 0 1 0 0 0 1 0 0 0 1 0 0 0 1 0 0 0 1 0 0 0 1 0 0 0 1 0 0 0 1 0 0 0 11 0 0 0 11 0 0 0 11 0 0 0 11 0 0 0 11 0 0 0 11 0 0 0 11 0 0 0 11 0 0 0 11 0 0 0 11 0 0 0 11 0 0 0 11 0 0 0 11 0 0 0 11 0 0 0 11 0 0 0 11 0 0 0 11 0 0 0 11 0 0 0 11 0 0 0 11 0 0 0 1 0 0 0 1 0 0 0 1 0 0 0 1 0 0 0 1 0 0 0 1 0 0 0 1 0 0 0 1 0 0 0 1 0 0 0 8 5 0 0 5 8 0 0 5 8 0 0 8 5 0 0 5 8 0 0 8 5 0 0 5 8 0 0 8 5 0 0 8 5 0 0 5 8 0 0 5 8 0 0 8 5 0 0 8 5 0 0 5 8 0 0 8 5 0 0 8 5 0 0 8 5 0 0 8 5 0 0 3 4 0 0 4 3 0 0 3 4 0 0 4 3 0 0 3 4 0 0 4 3 0 0 3 4 0 0 4 3 0 0 4 3 0 0 3 4 0 0 3 4 0 0 4 3 0 0 4 3 0 0 3 4 0 0 4 3 0 0 4 3 0 0 4 3 0 0 4 3 0 0 17 0 0 0 17 0 0 0 17 0 0 0 17 0 0 0 17 0 0 0 17 0 0 0 17 0 0 0 17 0 0 0 17 0 0 0 17 0 0 0 17 0 0 0 17 0 0 0 17 0 0 0 17 0 0 0 17 0 0 0 17 0 0 0 17 0 0 0 17 0 0 0 17 0 0 0 17 0 0 0 17 0 0 0 17 0 0 0 17 0 0 0 17 0 0 0 17 0 0 0 17 0 0 0 17 0 0 0 17 0 0 0 17 0 0 0 17 0 0 0 17 0 0 0 17 0 0 0 17 0 0 0 17 0 0 0 17 0 0 0 17 0 0 0 17 0 0 0 17 0 0 0 17 0 0 0 17 0 0 0 17 0 0 0 17 0 0 0 17 0 0 0 17 0 0 0 17 0 0 0 17 0 0 0 17 0 0 0 17 0 0 0 17 0 0 0 17 0 0 0 17 0 0 0 17 0 0 0 17 0 0 0 17 0 0 0 17 0 0 0 17 0 0 0 17 0 0 0 17 0 0 0 17 0 0 0 17 0 0 0 17 0 0 0 17 0 0 0 17 0 0 0 17 0 0 0 17 0 0 0 17 0 0 0 17 0 0 0 17 0 0 0 17 0 0 0 17 0 0 0 17 0 0 0 17 0 0 0 17 0 0 0 17 0 0 0 17 0 0 0 17 0 0 0 17 0 0 0 17 0 0 0 17 0 0 0 17 0 0 0 17 0 0 0 17 0 0 0 17 0 0 0 17 0 0 0 17 0 0 0 17 0 0 0 17 0 0 0 17 0 0 0 17 0 0 0 17 0 0 0 17 0 0 0 17 0 0 0 17 0 0 0 17 0 0 0 17 0 0 0 17 0 0 0 17 0 0 0 17 0 0 0 17 0 0 0 17 0 0 0 17 0 0 0 17 0 0 0 17 0 0 0 17 0 0 0 17 0 0 0 17 0 0 0 17 0 0 0 17 0 0 0 17 0 0 0 17 0 0 0 17 0 0 0 17 0 0 0 17 0 0 0 17 0 0 0 17 0 0 0 17 0 0 0 17 0 0 0 17 0 0 0 17 0 0 0 17 0 0 0 17 0 0 0 17 0 0 0 17 0 0 0 17 0 0 0 17 0 0 0 17 0 0 0 17 0 0 0 17 0 0 0 17 0 0 0 17 0 0 0 17 0 0 0 17 0 0 0 17 0 0 0 17 0 0 0 17 0 0 0 17 0 0 0 17 0 0 0 17 0 0 0 17 0 0 0 17 0 0 0 17 0 0 0 17 0 0 0 17 0 0 0 17 0 0 0 17 0 0 0 17 0 0 0 17 0 0 0 17 0 0 0 17 0 0 0 17 0 0 0 17 0 0 0 17 0 0 0 17 0 0 0 17 0 0 0 17 0 0 0 17 0 0 0 17 0 0 0 17 0 0 0 17 0 0 0 17 0 0 0 17 0 0 0 17 0 0 0 17 0 0 0 17 0 0 0 17 0 0 0 17 0 0 0 17 0 0 0 17 0 0 0 17 0 0 0 17 0 0 0 17 0 0 0 17 0 0 0 17 0 0 0 17 0 0 0 17 0 0 0 17 0 0 0 17 0 0 0 17 0 0 0 17 0 0 0 17 0 0 0 17 0 0 0 17 0 0 0 17 0 0 0 17 0 0 0 17 0 0 0 17 0 0 0 17 0 0 0 17 0 0 0 17 0 0 0 17 0 0 0 17 0 0 0 17 0 0 0 17 0 0 0 17 0 0 0 17 0 0 0 17 0 0 0 17 0 0 0 17 0 0 0 17 0 0 0 17 0 0 0 17 0 0 0 17 0 0 0 17 0 0 0 17 0 0 0 17 0 0 0 17 0 0 0 17 0 0 0 17 0 0 0 17 0 0 0 17 0 0 0 17 0 0 0 17 0 0 0 17 0 0 0 17 0 0 0 17 0 0 0 17 0 0 0 17 0 0 0 17 0 0 0 17 0 0 0 17 0 0 0 17 0 0 0 17 0 0 0 17 0 0 0 17 0 0 0 17 0 0 0 17 0 0 0 17 0 0 0 17 0 0 0 17 0 0 0 17 0 0 0 17 0 0 0 17 0 0 0 17 0 0 0 17 0 0 0 17 0 0 0 17 0 0 0 17 0 0 0 17 0 0 0 17 0 0 0 17 0 0 0 17 0 0 0 17 0 0 0 17 0 0 0 17 0 0 0 17 0 0 0 17 0 0 0 17 0 0 0 17 0 0 0 17 0 0 0 17 0 0 0 17 0 0 0 17 0 0 0 17 0 0 0 17 0 0 0 17 0 0 0 17 0 0 0 17 0 0 0 17 0 0 0 17 0 0 0 17 0 0 0 17 0 0 0 17 0 0 0 17 0 0 0 17 0 0 0 17 0 0 0 17 0 0 0 17 0 0 0 17 0 0 0 17 0 0 0 17 0 0 0 17 0 0 0 17 0 0 0 17 0 0 0 17 0 0 0 17 0 0 0 17 0 0 0 17 0 0 0 17 0 0 0 17 0 0 0 17 0 0 0 17 0 0 0 17 0 0 0 17 0 0 0 17 0 0 0 17 0 0 0 17 0 0 0 17 0 0 0 17 0 0 0 17 0 0 0 17 0 0 0 17 0 0 0 17 0 0 0 17 0 0 0 17 0 0 0 17 0 0 0 17 0 0 0 17 0 0 0 17 0 0 0 17 0 0 0 17 0 0 0 17 0 0 0 17 0 0 0 17 0 0 0 17 0 0 0 17 0 0 0 17 0 0 0 17 0 0 0 17 0 0 0 17 0 0 0 17 0 0 0 17 0 0 0 17 0 0 0 17 0 0 0 17 0 0 0 17 0 0 0 17 0 0 0 17 0 0 0 17 0 0 0 17 0 0 0 17 0 0 0 17 0 0 0 17 0 0 0 17 0 0 0 17 0 0 0 17 0 0 0 17 0 0 0 17 0 0 0 17 0 0 0 17 0 0 0 17 0 0 0 17 0 0 0 17 0 0 0 17 0 0 0 17 0 0 0 17 0 0 0 17 0 0 0 17 0 0 0 17 0 0 0 17 0 0 0 17 0 0 0 17 0 0 0 17 0 0 0 17 0 0 0 17 0 0 0 17 0 0 0 17 0 0 0 17 0 0 0 17 0 0 0 17 0 0 0 17 0 0 0 17 0 0 0 17 0 0 0 17 0 0 0 17 0 0 0 17 0 0 0 17 0 0 0 17 0 0 0 17 0 0 0 17 0 0 0 17 0 0 0 17 0 0 0 17 0 0 0 17 0 0 0 17 0 0 0 17 0 0 0 17 0 0 0 17 0 0 0 17 0 0 0 17 0 0 0 17 0 0 0 17 0 0 0 17 0 0 0 17 0 0 0 17 0 0 0 17 0 0 0 17 0 0 0 17 0 0 0 17 0 0 0 17 0 0 0 17 0 0 0 17 0 0 0 17 0 0 0 17 0 0 0 17 0 0 0 17 0 0 0 17 0 0 0 17 0 0 0 17 0 0 0 17 0 0 0 17 0 0 0 17 0 0 0 17 0 0 0 17 0 0 0 17 0 0 0 17 0 0 0 17 0 0 0 17 0 0 0 17 0 0 0 17 0 0 0 17 0 0 0 17 0 0 0 17 0 0 0 17 0 0 0 17 0 0 0 17 0 0 0 17 0 0 0 17 0 0 0 17 0 0 0 17 0 0 0 17 0 0 0 17 0 0 0 17 0 0 0 17 0 0 0 17 0 0 0 17 0 0 0 17 0 0 0 17 0 0 0 17 0 0 0 17 0 0 0 17 0 0 0 17 0 0 0 17 0 0 0 17 0 0 0 17 0 0 0 17 0 0 0 17 0 0 0 17 0 0 0  
