<Hierarchy>:
	<Frame>: 0 0 Soldier_demo
		<Transform>: -0.0794239 0 0.07942867 0 0 0 1 1 1 0 0 0 1  
		<TransformMatrix>: 1 0 0 0 0 1 0 0 0 0 1 0 -0.0794239 0 0.07942867 1  
		<Children>: 3
			<Frame>: 1 0 Bip001
				<Transform>: 0 1.285666 -0.02168165 270 89.99992 0 0.9999999 0.9999999 1 -0.5000004 0.4999996 0.4999996 0.5000004  
				<TransformMatrix>: 1.430511E-06 0 -0.9999999 0 -0.9999999 0 -1.430511E-06 0 0 1 0 0 0 1.285666 -0.02168165 1  
				<Children>: 2
					<Frame>: 2 0 Bip001_Footsteps
						<Transform>: 0 0 -1.271479 0 0 270.0001 1 1 1 0 0 -0.7071063 0.7071072  
						<TransformMatrix>: 1.370907E-06 -0.9999999 0 0 0.9999999 1.370907E-06 0 0 0 0 1 0 0 0 -1.271479 1  
						<Children>: 0
					</Frame>
					<Frame>: 3 0 Bip001_Pelvis
						<Transform>: 0 0 0 270 89.99992 0 1 0.9999999 0.9999999 -0.5 0.5 0.4999993 0.5000007  
						<TransformMatrix>: 1.370907E-06 0 -1 0 -0.9999999 1.370907E-06 -1.400709E-06 0 1.400709E-06 0.9999999 0 0 0 0 0 1  
						<Children>: 3
							<Frame>: 4 0 Bip001_L_Thigh
								<Transform>: 1.937866E-07 2.846241E-07 0.1651241 0.04907206 179.4045 1.351892 0.9999999 1 1 0.01179928 0.9999168 -0.0003668894 0.005201641  
								<TransformMatrix>: -0.9996673 0.02359277 -0.01041107 0 0.02360041 0.9997213 -0.0006109666 0 0.01039376 -0.000856469 -0.9999456 0 1.937866E-07 2.846241E-07 0.1651241 1  
								<Children>: 1
									<Frame>: 5 0 Bip001_L_Calf
										<Transform>: -0.6297567 0 0 6.879306E-09 -1.599695E-07 3.655913 0.9999999 0.9999998 0.9999999 1.547259E-11 -1.397201E-09 0.03189845 0.9994912  
										<TransformMatrix>: 0.9979649 0.06376442 2.793968E-09 0 -0.06376442 0.9979648 -5.820767E-11 0 -2.791994E-09 -1.200665E-10 0.9999999 0 -0.6297567 0 0 1  
										<Children>: 1
											<Frame>: 6 0 Bip001_L_Foot
												<Transform>: -0.5100935 -6.055832E-09 -1.211166E-08 0.003187686 0.597612 354.9919 1 1 1 -0.0002000553 0.00521136 -0.04368905 0.9990315  
												<TransformMatrix>: 0.9961282 -0.08729556 -0.01039515 0 0.0872914 0.9961826 -0.0008550821 0 0.01043011 -5.563561E-05 0.9999456 0 -0.5100935 -6.055832E-09 -1.211166E-08 1  
												<Children>: 1
													<Frame>: 7 0 Bip001_L_Toe0
														<Transform>: -0.1338129 0.1427728 0 0 -2.504478E-06 270 0.9999999 1 0.9999999 1.545431E-08 -1.545431E-08 -0.7071068 0.7071068  
														<TransformMatrix>: -1.192093E-07 -1 0 0 1 -1.192093E-07 4.37114E-08 0 -4.371139E-08 0 0.9999999 0 -0.1338129 0.1427728 0 1  
														<Children>: 1
															<Frame>: 8 0 Bip001_L_Toe0Nub
																<Transform>: -0.1245689 0 0 -4.023378E-28 1.094744E-13 180 -0.9999999 -1 -0.9999999 9.553441E-16 1.75553E-30 1 -1.837589E-15  
																<TransformMatrix>: 0.9999999 3.675178E-15 -1.910688E-15 0 -3.675179E-15 1 3.761582E-37 0 -1.910688E-15 -7.022119E-30 -0.9999999 0 -0.1245689 0 0 1  
																<Children>: 0
															</Frame>
													</Frame>
											</Frame>
									</Frame>
							</Frame>
							<Frame>: 9 0 Bip001_R_Thigh
								<Transform>: -1.937866E-07 -1.725912E-07 -0.1651241 359.9511 180.5957 1.351894 1 1 1 0.01179928 0.9999168 0.0003654854 -0.005203099  
								<TransformMatrix>: -0.9996674 0.0235928 0.01041396 0 0.0236004 0.9997213 0.0006081243 0 -0.01039671 0.0008536956 -0.9999456 0 -1.937866E-07 -1.725912E-07 -0.1651241 1  
								<Children>: 1
									<Frame>: 10 0 Bip001_R_Calf
										<Transform>: -0.6297567 0 0 -6.805049E-09 1.065045E-07 3.655913 0.9999999 0.9999998 0.9999999 -2.970774E-11 9.308487E-10 0.03189845 0.9994912  
										<TransformMatrix>: 0.9979649 0.06376442 -1.862645E-09 0 -0.06376442 0.9979648 0 0 1.858855E-09 1.187705E-10 0.9999999 0 -0.6297567 0 0 1  
										<Children>: 1
											<Frame>: 11 0 Bip001_R_Foot
												<Transform>: -0.5100935 6.055832E-09 2.422333E-08 -0.003188561 359.4024 354.9919 1 1 1 0.0002000515 -0.005211447 -0.04368905 0.9990315  
												<TransformMatrix>: 0.9961282 -0.08729556 0.01039532 0 0.0872914 0.9961826 0.0008550819 0 -0.01043028 5.565089E-05 0.9999456 0 -0.5100935 6.055832E-09 2.422333E-08 1  
												<Children>: 1
													<Frame>: 12 0 Bip001_R_Toe0
														<Transform>: -0.1338129 0.1427728 0 0 2.504478E-06 270 0.9999999 1 0.9999999 -1.545431E-08 1.545431E-08 -0.7071068 0.7071068  
														<TransformMatrix>: -1.192093E-07 -1 0 0 1 -1.192093E-07 -4.371139E-08 0 4.371139E-08 0 0.9999999 0 -0.1338129 0.1427728 0 1  
														<Children>: 1
															<Frame>: 13 0 Bip001_R_Toe0Nub
																<Transform>: -0.1245689 0 0 3.889301E-28 -1.094741E-13 2.035555E-13 0.9999999 1 0.9999999 1.697027E-30 -9.553415E-16 1.776357E-15 1  
																<TransformMatrix>: 0.9999999 3.552714E-15 1.910683E-15 0 -3.552714E-15 1 -3.761582E-37 0 -1.910683E-15 -6.788109E-30 0.9999999 0 -0.1245689 0 0 1  
																<Children>: 0
															</Frame>
													</Frame>
											</Frame>
									</Frame>
							</Frame>
							<Frame>: 14 0 Bip001_Spine
								<Transform>: -0.1588819 -0.0002507796 2.206853E-07 -0.0002382114 8.663047E-05 357.4131 1 1 0.9999999 -2.095323E-06 7.088756E-07 -0.02257335 0.9997452  
								<TransformMatrix>: 0.9989809 -0.04513519 -1.322793E-06 0 0.04513519 0.9989809 -4.221581E-06 0 1.511987E-06 4.157574E-06 0.9999999 0 -0.1588819 -0.0002507796 2.206853E-07 1  
								<Children>: 1
									<Frame>: 15 0 Bip001_Spine1
										<Transform>: -0.3153176 -0.0002401622 -6.661221E-10 4.785556E-07 -1.232365E-05 4.447661 1 1 1 -3.997937E-14 -1.076252E-07 0.03880342 0.9992468  
										<TransformMatrix>: 0.9969887 0.0775484 2.150883E-07 0 -0.0775484 0.9969887 -8.352531E-09 0 -2.150882E-07 -8.35237E-09 1 0 -0.3153176 -0.0002401622 -6.661221E-10 1  
										<Children>: 3
											<Frame>: 16 0 Bip001_L_Clavicle
												<Transform>: -0.2919541 -0.0003439622 0.08171383 0.044921 280.2855 180.008 1 1 1 -0.6408772 -0.000256239 0.7676433 -0.0003047534  
												<TransformMatrix>: -0.1785528 -0.0001394483 -0.9839305 0 0.0007963195 -0.9999999 -2.781366E-06 0 -0.9839301 -0.0007840195 0.1785528 0 -0.2919541 -0.0003439622 0.08171383 1  
												<Children>: 1
													<Frame>: 17 0 Bip001_L_UpperArm
														<Transform>: -0.1937084 6.055832E-09 0 4.90021 320.1357 0.004092689 1 1 1 0.04017639 -0.3405968 0.01460711 0.9392371  
														<TransformMatrix>: 0.7675608 7.116981E-05 0.6409761 0 -0.05480698 0.9963451 0.06552005 0 -0.6386286 -0.08542057 0.7647593 0 -0.1937084 6.055832E-09 0 1  
														<Children>: 1
															<Frame>: 18 0 Bip001_L_Forearm
																<Transform>: -0.4324163 0 0 2.967044E-06 -6.384658E-06 10.88874 1 1 1 2.048918E-08 -5.792194E-08 0.09487927 0.9954888  
																<TransformMatrix>: 0.9819958 0.1889025 1.192093E-07 0 -0.1889025 0.9819958 2.980232E-08 0 -1.114333E-07 -5.17847E-08 1 0 -0.4324163 0 0 1  
																<Children>: 1
																	<Frame>: 19 0 Bip001_L_Hand
																		<Transform>: -0.3868162 1.211166E-08 -9.689331E-08 274.7054 264.4471 89.44572 1 1 1 -0.7067734 -0.06663607 -0.008636268 0.7042418  
																		<TransformMatrix>: 0.9909701 0.08202916 0.1060636 0 0.1063572 0.0007935166 -0.9943277 0 -0.08164804 0.9966297 -0.007938027 0 -0.3868162 1.211166E-08 -9.689331E-08 1  
																		<Children>: 1
																			<Frame>: 20 0 Bip001_L_Finger0
																				<Transform>: -0.1317446 0 1.211166E-08 359.9544 2.401239E-07 330.5966 1 1 1 -0.0003851332 -0.0001010477 -0.2537863 0.9672603  
																				<TransformMatrix>: 0.8711851 -0.4909547 0.0003909619 0 0.4909548 0.8711848 -0.000693759 0 4.190952E-09 0.0007963372 0.9999998 0 -0.1317446 0 1.211166E-08 1  
																				<Children>: 1
																					<Frame>: 21 0 Bip001_L_Finger0Nub
																						<Transform>: -0.1136319 -9.689331E-08 1.211166E-08 -6.403303E-07 8.537737E-07 4.268869E-07 0.9999999 0.9999999 0.9999999 -5.587936E-09 7.450581E-09 3.725291E-09 1  
																						<TransformMatrix>: 0.9999999 7.450581E-09 -1.490116E-08 0 -7.450581E-09 0.9999999 -1.117587E-08 0 1.490116E-08 1.117587E-08 0.9999999 0 -0.1136319 -9.689331E-08 1.211166E-08 1  
																						<Children>: 0
																					</Frame>
																			</Frame>
																	</Frame>
															</Frame>
													</Frame>
											</Frame>
											<Frame>: 22 0 Bip001_Neck
												<Transform>: -0.3653302 0.0171635 2.675863E-08 5.379261E-06 4.09971E-05 345.0497 1 1 1 -4.315162E-14 3.608337E-07 -0.1300958 0.9915015  
												<TransformMatrix>: 0.9661503 -0.2579804 -7.155344E-07 0 0.2579804 0.9661503 -9.3886E-08 0 7.155343E-07 -9.388582E-08 1 0 -0.3653302 0.0171635 2.675863E-08 1  
												<Children>: 1
													<Frame>: 23 0 Bip001_Head
														<Transform>: -0.116821 -4.844665E-08 0 4.129038E-06 -3.599014E-05 13.08961 0.9999999 0.9999999 1 -2.635416E-13 -3.161334E-07 0.1139801 0.993483  
														<TransformMatrix>: 0.974017 0.2264746 6.281462E-07 0 -0.2264746 0.974017 -7.206636E-08 0 -6.281463E-07 -7.206531E-08 1 0 -0.116821 -4.844665E-08 0 1  
														<Children>: 1
															<Frame>: 24 0 Bip001_HeadNub
																<Transform>: -0.3104816 1.513958E-09 0 -4.718268E-18 -3.882513E-19 0 1 0.9999999 0.9999999 -4.117466E-20 -3.388132E-21 -1.395049E-40 1  
																<TransformMatrix>: 1 0 6.776264E-21 0 5.580195E-40 0.9999999 -8.234931E-20 0 -6.776263E-21 8.234931E-20 0.9999999 0 -0.3104816 1.513958E-09 0 1  
																<Children>: 0
															</Frame>
													</Frame>
											</Frame>
											<Frame>: 25 0 Bip001_R_Clavicle
												<Transform>: -0.2919541 -0.000343508 -0.08171383 359.9551 79.71452 180.0083 1 1 1 0.6408772 0.0002541098 0.7676433 -0.0003065308  
												<TransformMatrix>: -0.1785528 -0.0001449063 0.9839305 0 0.0007963192 -0.9999999 -2.765795E-06 0 0.9839301 0.0007830288 0.1785528 0 -0.2919541 -0.000343508 -0.08171383 1  
												<Children>: 1
													<Frame>: 26 0 Bip001_R_UpperArm
														<Transform>: -0.1937085 6.055832E-09 0 355.0998 39.86429 0.004092903 1 1 1 -0.0401764 0.3405968 0.01460711 0.9392371  
														<TransformMatrix>: 0.7675608 7.117353E-05 -0.6409761 0 -0.05480698 0.996345 -0.06552005 0 0.6386287 0.0854206 0.7647594 0 -0.1937085 6.055832E-09 0 1  
														<Children>: 1
															<Frame>: 27 0 Bip001_R_Forearm
																<Transform>: -0.4324162 0 0 -2.225283E-06 4.788493E-06 10.88874 1 1 1 -1.536689E-08 4.344146E-08 0.09487927 0.9954888  
																<TransformMatrix>: 0.9819959 0.1889025 -8.940698E-08 0 -0.1889025 0.9819958 -2.235175E-08 0 8.357497E-08 3.883852E-08 1 0 -0.4324162 0 0 1  
																<Children>: 1
																	<Frame>: 28 0 Bip001_R_Hand
																		<Transform>: -0.3868161 6.055832E-09 -9.689331E-08 85.29459 95.55297 89.44572 1 1 1 0.7067734 0.06663609 -0.008636254 0.7042418  
																		<TransformMatrix>: 0.9909701 0.08202921 -0.1060636 0 0.1063573 0.0007935168 0.9943278 0 0.08164809 -0.9966298 -0.007938028 0 -0.3868161 6.055832E-09 -9.689331E-08 1  
																		<Children>: 1
																			<Frame>: 29 0 Bip001_R_Finger0
																				<Transform>: -0.1317447 0 0 0.04562508 7.011951E-07 330.5966 1 0.9999999 1 0.000385117 0.0001010519 -0.2537863 0.9672603  
																				<TransformMatrix>: 0.8711851 -0.4909547 -0.0003909618 0 0.4909548 0.8711847 0.0006937254 0 1.223816E-08 -0.000796308 0.9999998 0 -0.1317447 0 0 1  
																				<Children>: 1
																					<Frame>: 30 0 Bip001_R_Finger0Nub
																						<Transform>: -0.1136318 9.689331E-08 -1.211166E-08 4.268868E-07 8.537735E-07 180 -1 -1 -1 7.45058E-09 -3.72529E-09 1 3.72529E-09  
																						<TransformMatrix>: 1 -7.450581E-09 -1.490116E-08 0 7.450581E-09 1 7.450581E-09 0 -1.490116E-08 7.450581E-09 -1 0 -0.1136318 9.689331E-08 -1.211166E-08 1  
																						<Children>: 0
																					</Frame>
																			</Frame>
																	</Frame>
															</Frame>
													</Frame>
											</Frame>
									</Frame>
							</Frame>
					</Frame>
			</Frame>
			<Frame>: 31 0 Soldier_mesh
				<Transform>: 0 0 0 270 0 0 1 1 1 -0.7071068 0 0 0.7071068  
				<TransformMatrix>: 1 0 0 0 0 -1.192093E-07 -1 0 0 1 -1.192093E-07 0 0 0 0 1  
				<SkinningInfo>: Soldier_mesh
					<BonesPerVertex>: 4
					<Bounds>: -0.006183207 0.1467449 -0.1891148 1.286837 0.5250369 1.211721
					<BoneNames>: 20 Bip001_Spine Bip001_Spine1 Bip001_Pelvis Bip001_L_Thigh Bip001_L_Calf Bip001_R_Thigh Bip001_L_Foot Bip001_L_Toe0 Bip001_R_Calf Bip001_R_Foot Bip001_R_Toe0 Bip001_Head Bip001_L_Forearm Bip001_L_Hand Bip001_L_UpperArm Bip001_L_Finger0 Bip001_R_Forearm Bip001_R_Hand Bip001_R_UpperArm Bip001_R_Finger0  
					<BoneOffsets>: 20 6.187599E-08 1.404091E-06 -1 0 0.04513502 -0.9989809 -1.399867E-06 0 -0.9989809 -0.04513502 -1.251866E-07 0 1.442086 0.0871098 2.118844E-07 1 -4.451362E-08 1.403416E-06 -1 0 -0.03247028 -0.9994728 -1.401231E-06 0 -0.9994727 0.03247029 9.005964E-08 0 1.758885 -0.04919695 -1.661764E-07 1 1.3868E-06 -2.757707E-06 -1 0 0 -1 2.757707E-06 0 -1 -3.636636E-12 -1.3868E-06 0 1.285666 0.02168165 1.723171E-06 1 0.0104124 0.0006081461 0.9999456 0 -0.0235928 -0.9997212 0.0008536804 0 0.9996674 -0.02360041 -0.01039515 0 -1.283008 0.05211845 0.1784612 1 0.01042999 -5.698256E-05 0.9999455 0 -0.08729143 -0.9961824 0.00085373 0 0.9961283 -0.08729561 -0.01039514 0 -0.6485984 0.09366659 0.1784612 1 -0.01041263 -0.0006109215 0.9999456 0 -0.02359276 -0.9997212 -0.0008564607 0 0.9996674 -0.02360041 0.01039532 0 -1.283008 0.05211845 -0.1784614 1 4.371121E-08 -1.370907E-06 1 0 -1.398706E-13 -1 -1.370907E-06 0 1 0 -4.371134E-08 0 -0.1480006 0.08106611 0.1770017 1 1.371604E-06 4.371134E-08 1 0 1 0 -1.371604E-06 0 1.398706E-13 1 -4.371136E-08 0 0.06170673 -0.01418765 0.1770017 1 -0.0104304 5.42672E-05 0.9999455 0 -0.0872914 -0.9961824 -0.0008564707 0 0.9961283 -0.08729561 0.01039532 0 -0.6485984 0.09366658 -0.1784614 1 4.371135E-08 -1.370907E-06 1 0 -1.398706E-13 -1 -1.370907E-06 0 1 0 -4.371148E-08 0 -0.1480006 0.0810661 -0.1770019 1 1.371604E-06 -4.371143E-08 1 0 1 1.398706E-13 -1.371604E-06 0 1.398706E-13 1 4.371154E-08 0 0.06170674 -0.01418765 -0.1770019 1 1.343089E-06 1.402693E-06 -1 0 0 -1 -1.402693E-06 0 -1 1.883882E-12 -1.343089E-06 0 2.239036 -0.02380841 2.932312E-06 1 0.6168453 -0.1854868 -0.7649161 0 0.2135998 0.9748138 -0.06413397 0 0.7575468 -0.1238252 0.6409291 0 -0.9387473 0.1013382 -1.499839 1 0.51493 0.826036 -0.2291541 0 0.284832 0.08726171 0.9545974 0 0.8085281 -0.5568213 -0.1903478 0 -0.6977131 1.43271 0.1579664 1 0.6407784 -0.06562366 -0.7649161 0 0.02560941 0.9976127 -0.06413388 0 0.7672988 0.02150656 0.6409291 0 -1.373405 -0.07781784 -1.499839 1 0.04296358 0.9725964 -0.2284965 0 0.205673 0.2151988 0.9546665 0 0.9776772 -0.08801144 -0.1907911 0 -1.196397 0.9701809 0.1591069 1 -0.6168446 0.1854895 -0.764916 0 0.2136015 0.9748132 0.06413609 0 0.7575468 -0.1238252 -0.6409292 0 -0.9387474 0.1013382 1.499839 1 -0.5149292 -0.8260357 -0.2291567 0 0.2848334 0.08726402 -0.9545968 0 0.8085282 -0.5568212 0.1903478 0 -0.6977133 1.43271 -0.1579664 1 -0.6407782 0.06562641 -0.7649158 0 0.02561116 0.9976125 0.06413598 0 0.7672987 0.02150656 -0.6409292 0 -1.373405 -0.07781786 1.499839 1 -0.04296295 -0.9725957 -0.2284994 0 0.2056732 0.2152017 -0.9546658 0 0.9776772 -0.08801147 0.1907911 0 -1.196397 0.9701807 -0.1591067 1  
					<BoneIndices>: 1757 1 0 0 0 1 0 0 0 1 0 0 0 1 0 0 0 1 0 0 0 1 0 0 0 1 0 0 0 1 0 0 0 1 0 0 0 1 0 0 0 1 0 0 0 1 0 0 0 1 0 0 0 1 0 0 0 1 0 0 0 1 0 0 0 1 0 0 0 1 0 0 0 1 0 0 0 1 0 0 0 1 0 0 0 1 0 0 0 1 0 0 0 1 0 0 0 1 0 0 0 1 0 0 0 1 0 0 0 1 0 0 0 1 0 0 0 1 0 0 0 1 0 0 0 1 0 0 0 1 0 0 0 1 0 0 0 1 0 0 0 1 0 0 0 1 0 0 0 1 0 0 0 1 0 0 0 1 0 0 0 1 0 0 0 1 0 0 0 1 0 0 0 1 0 0 0 1 0 0 0 1 0 0 0 1 0 0 0 1 0 0 0 1 0 0 0 1 0 0 0 1 0 0 0 11 0 0 0 11 0 0 0 11 0 0 0 11 0 0 0 11 0 0 0 11 0 0 0 11 0 0 0 11 0 0 0 11 0 0 0 11 0 0 0 11 0 0 0 11 0 0 0 11 0 0 0 11 0 0 0 11 0 0 0 11 0 0 0 11 0 0 0 11 0 0 0 11 0 0 0 11 0 0 0 11 0 0 0 11 0 0 0 11 0 0 0 11 0 0 0 11 0 0 0 11 0 0 0 11 0 0 0 11 0 0 0 11 0 0 0 11 0 0 0 11 0 0 0 11 0 0 0 11 0 0 0 11 0 0 0 11 0 0 0 11 0 0 0 11 0 0 0 11 0 0 0 11 0 0 0 11 0 0 0 11 0 0 0 11 0 0 0 11 0 0 0 11 0 0 0 11 0 0 0 11 0 0 0 11 0 0 0 11 0 0 0 2 0 0 0 0 1 2 0 2 0 0 0 0 1 2 0 1 0 0 0 2 0 0 0 1 0 0 0 1 0 0 0 0 1 2 0 2 0 0 0 1 0 0 0 2 0 0 0 2 0 0 0 2 0 0 0 1 0 0 0 1 0 0 0 1 0 0 0 1 0 0 0 1 0 0 0 1 0 0 0 1 0 0 0 1 0 0 0 1 0 0 0 1 0 0 0 1 0 0 0 1 0 0 0 0 1 2 0 1 0 2 0 2 0 0 0 0 1 2 0 2 0 0 0 2 0 0 0 0 1 2 0 1 2 0 0 1 0 0 0 1 0 0 0 1 0 0 0 1 0 0 0 1 0 0 0 2 0 0 0 2 0 0 0 2 0 0 0 2 0 0 0 2 0 0 0 2 0 0 0 2 0 0 0 2 0 0 0 2 0 0 0 0 1 2 0 2 0 0 0 2 0 0 0 0 1 2 0 2 0 0 0 1 0 0 0 0 1 2 0 2 0 0 0 1 0 0 0 1 0 0 0 1 0 0 0 2 0 0 0 2 0 0 0 2 0 0 0 1 0 0 0 1 0 0 0 1 0 0 0 1 0 0 0 1 0 0 0 1 0 0 0 1 0 0 0 1 0 0 0 1 0 0 0 1 0 0 0 1 0 0 0 1 0 0 0 0 1 2 0 1 0 2 0 2 0 0 0 0 1 2 0 2 0 0 0 2 0 0 0 0 1 2 0 1 2 0 0 1 0 0 0 1 0 0 0 1 0 0 0 1 0 0 0 1 0 0 0 2 0 0 0 2 0 0 0 2 0 0 0 2 0 0 0 2 0 0 0 2 0 0 0 2 0 0 0 2 0 0 0 2 0 0 0 4 0 0 0 4 0 0 0 4 0 0 0 4 0 0 0 4 0 0 0 4 0 0 0 2 3 0 0 2 5 0 0 2 5 0 0 2 3 0 0 3 0 0 0 2 5 0 0 3 0 0 0 3 4 0 0 2 3 0 0 2 3 0 0 2 0 0 0 3 4 0 0 3 0 0 0 3 4 0 0 3 4 0 0 3 4 0 0 3 4 0 0 4 3 0 0 4 0 0 0 3 4 0 0 3 4 0 0 4 0 0 0 4 0 0 0 4 0 0 0 4 3 0 0 4 0 0 0 4 0 0 0 4 3 0 0 3 4 0 0 4 3 0 0 4 0 0 0 4 0 0 0 3 4 0 0 4 3 0 0 4 0 0 0 3 4 0 0 4 3 0 0 3 4 0 0 4 0 0 0 4 0 0 0 3 4 0 0 3 4 0 0 3 4 0 0 3 4 0 0 3 4 0 0 3 4 0 0 3 4 0 0 3 0 0 0 3 0 0 0 2 3 0 0 3 0 0 0 3 0 0 0 3 4 0 0 2 3 0 0 2 5 0 0 2 5 0 0 3 2 0 0 2 3 0 0 2 0 5 0 3 4 0 0 3 2 0 0 2 0 3 0 2 0 0 0 2 0 0 0 2 0 0 0 2 3 0 0 2 0 3 0 2 0 0 0 2 0 0 0 2 0 0 0 2 0 3 0 2 0 0 0 2 0 0 0 2 0 0 0 2 0 3 0 2 3 0 0 3 2 0 0 3 0 0 0 3 0 0 0 3 0 0 0 3 0 0 0 3 0 0 0 3 4 0 0 3 4 0 0 3 4 0 0 3 4 0 0 3 4 0 0 3 4 0 0 4 3 0 0 4 3 0 0 4 3 0 0 4 3 0 0 4 3 0 0 4 3 0 0 4 0 0 0 4 6 0 0 4 0 0 0 4 6 0 0 6 4 0 0 4 6 0 0 4 0 0 0 4 0 0 0 6 4 0 0 6 0 0 0 6 0 0 0 6 7 0 0 6 4 7 0 7 6 0 0 4 6 0 0 7 6 0 0 7 6 0 0 6 4 7 0 7 6 0 0 7 6 0 0 7 6 0 0 7 6 0 0 6 4 7 0 6 7 0 0 4 6 0 0 4 0 0 0 4 0 0 0 6 4 0 0 6 0 0 0 6 0 0 0 6 4 0 0 4 6 0 0 4 6 0 0 4 0 0 0 6 0 0 0 6 0 0 0 6 0 0 0 6 7 0 0 6 7 0 0 7 6 0 0 7 6 0 0 7 6 0 0 7 6 0 0 8 0 0 0 8 0 0 0 8 0 0 0 8 0 0 0 8 0 0 0 8 0 0 0 2 5 0 0 2 5 0 0 2 5 0 0 2 5 0 0 5 0 0 0 2 5 0 0 5 0 0 0 5 8 0 0 2 5 0 0 2 5 0 0 2 0 0 0 5 8 0 0 5 0 0 0 5 8 0 0 5 8 0 0 5 8 0 0 5 8 0 0 8 5 0 0 8 0 0 0 5 8 0 0 5 8 0 0 8 0 0 0 8 0 0 0 8 0 0 0 8 5 0 0 8 0 0 0 8 0 0 0 8 5 0 0 5 8 0 0 8 5 0 0 8 0 0 0 8 0 0 0 5 8 0 0 8 5 0 0 8 0 0 0 5 8 0 0 8 5 0 0 5 8 0 0 8 0 0 0 8 0 0 0 5 8 0 0 5 8 0 0 5 8 0 0 5 8 0 0 5 8 0 0 5 8 0 0 5 8 0 0 5 0 0 0 5 0 0 0 2 5 0 0 5 0 0 0 5 0 0 0 5 8 0 0 2 5 0 0 2 5 0 0 2 5 0 0 5 2 0 0 2 5 0 0 2 0 5 0 5 8 0 0 5 2 0 0 2 0 5 0 2 0 0 0 2 0 0 0 2 0 0 0 2 5 0 0 2 0 5 0 2 0 0 0 2 0 0 0 2 0 0 0 2 0 5 0 2 0 0 0 2 0 0 0 2 0 0 0 2 0 5 0 2 5 0 0 5 2 0 0 5 0 0 0 5 0 0 0 5 0 0 0 5 0 0 0 5 0 0 0 5 8 0 0 5 8 0 0 5 8 0 0 5 8 0 0 5 8 0 0 5 8 0 0 8 5 0 0 8 5 0 0 8 5 0 0 8 5 0 0 8 5 0 0 8 5 0 0 8 9 0 0 8 0 0 0 8 0 0 0 8 9 0 0 9 8 0 0 8 9 0 0 8 0 0 0 8 0 0 0 9 8 0 0 9 0 0 0 9 0 0 0 9 10 0 0 9 8 10 0 10 9 0 0 8 9 0 0 10 9 0 0 10 9 0 0 9 8 10 0 10 9 0 0 10 9 0 0 10 9 0 0 10 9 0 0 9 8 10 0 9 10 0 0 8 9 0 0 8 0 0 0 8 0 0 0 9 8 0 0 9 0 0 0 9 0 0 0 9 8 0 0 8 9 0 0 8 9 0 0 8 0 0 0 9 0 0 0 9 0 0 0 9 0 0 0 9 10 0 0 9 10 0 0 10 9 0 0 10 9 0 0 10 9 0 0 10 9 0 0 11 0 0 0 1 0 0 0 11 0 0 0 11 0 0 0 11 1 0 0 11 0 0 0 11 0 0 0 11 1 0 0 1 0 0 0 1 0 0 0 11 0 0 0 11 0 0 0 11 0 0 0 11 0 0 0 11 1 0 0 1 0 0 0 1 11 0 0 1 0 0 0 11 0 0 0 11 0 0 0 11 0 0 0 11 0 0 0 11 0 0 0 11 0 0 0 11 0 0 0 11 0 0 0 11 0 0 0 11 0 0 0 11 0 0 0 11 0 0 0 11 0 0 0 11 0 0 0 1 0 0 0 11 0 0 0 11 0 0 0 11 0 0 0 11 1 0 0 11 0 0 0 11 0 0 0 11 1 0 0 1 0 0 0 1 0 0 0 11 0 0 0 11 0 0 0 11 0 0 0 11 0 0 0 11 1 0 0 1 0 0 0 1 11 0 0 1 0 0 0 11 0 0 0 11 0 0 0 11 0 0 0 11 0 0 0 11 0 0 0 11 0 0 0 11 0 0 0 11 0 0 0 11 0 0 0 11 0 0 0 11 0 0 0 11 0 0 0 11 0 0 0 11 0 0 0 12 13 0 0 12 0 0 0 12 13 0 0 12 0 0 0 12 13 0 0 12 0 0 0 12 0 0 0 12 13 0 0 12 0 0 0 12 0 0 0 12 13 0 0 12 0 0 0 12 14 0 0 14 12 0 0 14 12 0 0 1 14 0 0 12 0 0 0 12 13 0 0 12 0 0 0 12 14 0 0 12 14 0 0 12 14 0 0 12 0 0 0 14 12 0 0 14 12 0 0 14 0 0 0 14 12 0 0 14 12 0 0 14 0 0 0 1 14 0 0 1 14 0 0 14 1 0 0 1 0 0 0 1 0 0 0 1 14 0 0 1 0 0 0 14 1 0 0 1 14 0 0 1 0 0 0 14 1 0 0 1 14 0 0 1 0 0 0 1 0 0 0 14 0 0 0 14 0 0 0 14 0 0 0 14 0 0 0 14 1 0 0 1 14 0 0 1 0 0 0 12 13 0 0 12 13 0 0 12 13 0 0 12 13 0 0 12 13 0 0 15 13 12 0 15 13 12 0 15 13 12 0 15 13 12 0 13 12 15 0 15 13 12 0 15 13 12 0 15 13 12 0 15 13 12 0 15 13 12 0 15 13 12 0 15 13 12 0 15 13 12 0 15 13 12 0 15 13 12 0 13 15 12 0 13 12 15 0 13 12 15 0 13 12 0 0 13 12 0 0 13 15 12 0 12 13 0 0 13 15 12 0 13 12 0 0 13 12 0 0 13 12 0 0 12 13 0 0 12 0 0 0 12 0 0 0 12 0 0 0 12 13 0 0 12 0 0 0 12 13 0 0 13 12 0 0 13 12 0 0 13 12 0 0 13 12 0 0 13 12 0 0 13 12 0 0 12 0 0 0 13 12 0 0 13 12 0 0 13 12 0 0 13 12 0 0 13 12 0 0 13 12 0 0 13 12 0 0 13 12 0 0 13 12 0 0 13 12 0 0 13 12 0 0 16 0 0 0 16 17 0 0 16 17 0 0 16 0 0 0 16 17 0 0 16 0 0 0 16 0 0 0 16 17 0 0 16 0 0 0 16 0 0 0 16 17 0 0 16 0 0 0 16 18 0 0 18 16 0 0 18 16 0 0 1 18 0 0 16 0 0 0 16 17 0 0 16 0 0 0 16 18 0 0 16 18 0 0 16 18 0 0 16 0 0 0 18 16 0 0 18 16 0 0 18 0 0 0 18 16 0 0 18 16 0 0 18 0 0 0 1 18 0 0 1 18 0 0 18 1 0 0 1 0 0 0 1 0 0 0 1 18 0 0 1 0 0 0 18 1 0 0 1 18 0 0 1 0 0 0 18 1 0 0 1 18 0 0 1 0 0 0 1 0 0 0 1 0 0 0 1 18 0 0 18 1 0 0 18 0 0 0 18 0 0 0 18 0 0 0 18 0 0 0 16 17 0 0 16 17 0 0 16 17 0 0 16 17 0 0 16 17 0 0 19 17 16 0 19 17 16 0 19 17 16 0 19 17 16 0 17 16 19 0 19 17 16 0 19 17 16 0 19 17 16 0 19 17 16 0 19 17 16 0 19 17 16 0 19 17 16 0 19 17 16 0 19 17 16 0 19 17 16 0 17 19 16 0 17 16 19 0 17 16 19 0 17 16 0 0 17 16 0 0 17 19 16 0 16 17 0 0 17 19 16 0 17 16 0 0 17 16 0 0 17 16 0 0 16 17 0 0 16 0 0 0 16 0 0 0 16 0 0 0 16 17 0 0 16 0 0 0 16 17 0 0 17 16 0 0 17 16 0 0 17 16 0 0 17 16 0 0 17 16 0 0 17 16 0 0 16 0 0 0 17 16 0 0 17 16 0 0 17 16 0 0 17 16 0 0 17 16 0 0 17 16 0 0 17 16 0 0 17 16 0 0 17 16 0 0 17 16 0 0 17 16 0 0 11 0 0 0 11 0 0 0 11 0 0 0 11 0 0 0 11 0 0 0 11 0 0 0 11 0 0 0 11 0 0 0 11 0 0 0 11 0 0 0 11 0 0 0 11 0 0 0 11 0 0 0 11 0 0 0 11 0 0 0 11 0 0 0 11 0 0 0 11 0 0 0 11 0 0 0 11 0 0 0 11 0 0 0 11 0 0 0 11 0 0 0 11 0 0 0 11 0 0 0 11 0 0 0 11 0 0 0 11 0 0 0 11 0 0 0 11 0 0 0 11 0 0 0 11 0 0 0 11 0 0 0 11 0 0 0 11 0 0 0 11 0 0 0 11 0 0 0 11 0 0 0 11 0 0 0 11 0 0 0 11 0 0 0 11 0 0 0 11 0 0 0 11 0 0 0 11 0 0 0 11 0 0 0 11 0 0 0 11 0 0 0 11 0 0 0 11 0 0 0 11 0 0 0 11 0 0 0 11 0 0 0 11 0 0 0 11 0 0 0 11 0 0 0 11 0 0 0 11 0 0 0 11 0 0 0 11 0 0 0 11 0 0 0 11 0 0 0 11 0 0 0 11 0 0 0 11 0 0 0 11 0 0 0 11 0 0 0 11 0 0 0 11 0 0 0 11 0 0 0 1 0 0 0 1 0 0 0 1 0 0 0 1 0 0 0 1 0 0 0 1 0 0 0 1 0 0 0 1 0 0 0 1 0 0 0 1 0 0 0 1 0 0 0 1 0 0 0 1 0 0 0 1 0 0 0 1 0 0 0 1 0 0 0 1 0 0 0 1 0 0 0 1 0 0 0 1 0 0 0 1 0 0 0 1 0 0 0 1 0 0 0 1 0 0 0 1 0 0 0 1 0 0 0 1 0 0 0 1 0 0 0 1 0 0 0 1 0 0 0 1 0 0 0 1 0 0 0 1 0 0 0 1 0 0 0 1 0 0 0 1 0 0 0 1 0 0 0 1 0 0 0 1 0 0 0 1 0 0 0 1 0 0 0 1 0 0 0 1 0 0 0 1 0 0 0 1 0 0 0 1 0 0 0 1 0 0 0 1 0 0 0 1 0 0 0 1 0 0 0 1 0 0 0 1 0 0 0 1 0 0 0 1 0 0 0 1 0 0 0 1 0 0 0 11 0 0 0 11 0 0 0 11 0 0 0 11 0 0 0 11 0 0 0 11 0 0 0 11 0 0 0 11 0 0 0 11 0 0 0 11 0 0 0 11 0 0 0 11 0 0 0 11 0 0 0 11 0 0 0 11 0 0 0 11 0 0 0 11 0 0 0 11 0 0 0 11 0 0 0 11 0 0 0 11 0 0 0 11 0 0 0 11 0 0 0 11 0 0 0 11 0 0 0 11 0 0 0 11 0 0 0 11 0 0 0 11 0 0 0 11 0 0 0 11 0 0 0 11 0 0 0 5 0 0 0 5 0 0 0 5 0 0 0 5 0 0 0 5 0 0 0 5 0 0 0 5 0 0 0 5 0 0 0 5 0 0 0 5 0 0 0 5 0 0 0 5 0 0 0 5 0 0 0 5 0 0 0 5 0 0 0 5 0 0 0 5 0 0 0 5 0 0 0 5 0 0 0 5 0 0 0 5 0 0 0 5 0 0 0 5 0 0 0 5 0 0 0 5 0 0 0 5 0 0 0 5 0 0 0 5 0 0 0 5 0 0 0 5 0 0 0 5 0 0 0 5 0 0 0 5 0 0 0 5 0 0 0 5 0 0 0 5 0 0 0 5 0 0 0 5 0 0 0 5 0 0 0 5 0 0 0 5 0 0 0 5 0 0 0 5 0 0 0 5 0 0 0 5 0 0 0 5 0 0 0 1 0 0 0 1 0 0 0 1 0 0 0 1 0 0 0 1 0 0 0 1 0 0 0 1 0 0 0 1 0 0 0 1 0 0 0 1 0 0 0 1 0 0 0 1 0 0 0 1 0 0 0 1 0 0 0 0 1 0 0 0 1 0 0 0 1 0 0 0 1 0 0 0 1 0 0 1 0 0 0 1 0 0 0 1 0 0 0 0 1 0 0 0 1 0 0 0 1 0 0 1 0 0 0 1 0 0 0 1 0 0 0 1 0 0 0 1 0 0 0 1 0 0 0 1 0 0 0 1 0 0 0 1 0 0 0 1 0 0 0 1 0 0 0 1 0 0 0 1 0 0 0 1 0 0 0 1 0 0 0 1 0 0 0 1 0 0 0 1 0 0 0 1 0 0 0 1 0 0 0 1 0 0 0 1 0 0 0 1 0 0 0 1 0 0 0 1 0 0 0 1 0 0 0 1 0 0 0 1 0 0 0 1 0 0 0 1 0 0 0 1 0 0 0 1 0 0 0 0 2 1 0 0 2 1 0 0 2 1 0 0 2 1 0 0 2 1 0 0 2 1 0 0 2 1 0 0 1 0 0 0 2 1 0 0 1 0 0 0 1 0 0 0 1 0 0 0 2 1 0 0 1 0 0 0 1 0 0 0 2 1 0 0 2 1 0 0 2 1 0 0 2 1 0 0 1 0 0 0 1 0 0 0 2 1 0 0 2 1 0 0 2 1 0 0 1 0 0 0 1 0 0 0 2 1 0 0 1 0 0 0 2 1 0 0 1 0 0 0 1 0 0 0 1 0 0 0 2 1 0 0 2 1 0 0 2 1 0 0 2 1 0 0 1 0 0 0 1 0 0 0 1 0 0 0 1 0 0 0 1 0 0 0 1 0 0 0 1 0 0 0 1 0 0 0 2 1 0 0 1 0 0 0 2 1 0 0 1 0 0 0 1 0 0 0 1 0 0 0 1 0 0 0 1 0 0 0 1 0 0 0 1 0 0 0 1 0 0 0 1 0 0 0 2 1 0 0 2 1 0 0 2 1 0 0 2 1 0 0 2 1 0 0 2 1 0 0 2 1 0 0 2 1 0 0 2 1 0 0 1 0 0 0 2 1 0 0 1 0 0 0 1 0 0 0 1 0 0 0 2 1 0 0 1 0 0 0 1 0 0 0 2 1 0 0 2 1 0 0 2 1 0 0 2 1 0 0 1 0 0 0 1 0 0 0 2 1 0 0 2 1 0 0 2 1 0 0 1 0 0 0 1 0 0 0 2 1 0 0 2 1 0 0 2 1 0 0 2 1 0 0 2 1 0 0 2 1 0 0 2 1 0 0 1 0 0 0 2 1 0 0 1 0 0 0 1 0 0 0 1 0 0 0 2 1 0 0 1 0 0 0 1 0 0 0 2 1 0 0 2 1 0 0 2 1 0 0 2 1 0 0 1 0 0 0 1 0 0 0 2 1 0 0 2 1 0 0 2 1 0 0 1 0 0 0 1 0 0 0 2 1 0 0 1 0 0 0 2 1 0 0 1 0 0 0 1 0 0 0 1 0 0 0 2 1 0 0 2 1 0 0 2 1 0 0 2 1 0 0 1 0 0 0 1 0 0 0 1 0 0 0 1 0 0 0 1 0 0 0 1 0 0 0 1 0 0 0 1 0 0 0 2 1 0 0 1 0 0 0 2 1 0 0 1 0 0 0 1 0 0 0 1 0 0 0 1 0 0 0 1 0 0 0 1 0 0 0 1 0 0 0 1 0 0 0 1 0 0 0 2 1 0 0 2 1 0 0 2 1 0 0 1 2 0 0 2 1 0 0 1 2 0 0 1 0 0 0 1 0 0 0 2 1 0 0 2 1 0 0 2 1 0 0 2 1 0 0 1 2 0 0 1 2 0 0 1 2 0 0 1 2 0 0 1 0 0 0 1 0 0 0 1 0 0 0 1 0 0 0 2 1 0 0 1 2 0 0 2 1 0 0 1 2 0 0 1 0 0 0 1 0 0 0 1 2 0 0 1 0 0 0 1 2 0 0 1 0 0 0 1 2 0 0 1 2 0 0 2 1 0 0 2 1 0 0 2 1 0 0 1 2 0 0 2 1 0 0 1 2 0 0 1 0 0 0 1 0 0 0 2 1 0 0 2 1 0 0 2 1 0 0 2 1 0 0 1 2 0 0 1 2 0 0 1 2 0 0 1 2 0 0 1 0 0 0 1 0 0 0 1 0 0 0 1 0 0 0 2 1 0 0 1 2 0 0 2 1 0 0 1 2 0 0 1 0 0 0 1 0 0 0 1 2 0 0 1 0 0 0 1 2 0 0 1 0 0 0 1 2 0 0 1 2 0 0 2 1 0 0 2 1 0 1 0 0 0 1 0 0 0 1 0 0 0 1 0 0 0 1 0 0 0 1 0 0 0 1 0 0 0 1 0 0 0 1 0 0 0 1 0 0 0 1 0 0 0 1 0 0 0 1 0 0 0 1 0 0 0 1 0 0 0 1 0 0 0 1 0 0 0 1 0 0 0 1 0 0 0 1 0 0 0 1 0 0 0 1 0 0 0 1 0 0 0 1 0 0 0 1 0 0 0 1 0 0 0 1 0 0 0 1 0 0 0 1 0 0 0 1 0 0 0 1 0 0 0 1 0 0 0 1 0 0 0 1 0 0 0 1 0 0 0 1 0 0 0 1 0 0 0 1 0 0 0 1 0 0 0 1 0 0 0 1 0 0 0 11 0 0 0 11 0 0 0 11 0 0 0 11 0 0 0 11 0 0 0 11 0 0 0 11 0 0 0 11 0 0 0 11 0 0 0 11 0 0 0 11 0 0 0 11 0 0 0 11 0 0 0 11 0 0 0 11 0 0 0 11 0 0 0 11 0 0 0 11 0 0 0 11 0 0 0 11 0 0 0 1 0 0 0 1 0 0 0 1 0 0 0 1 0 0 0 1 0 0 0 1 0 0 0 1 0 0 0 1 0 0 0 1 0 0 0 8 5 0 0 5 8 0 0 5 8 0 0 8 5 0 0 5 8 0 0 8 5 0 0 5 8 0 0 8 5 0 0 8 5 0 0 5 8 0 0 5 8 0 0 8 5 0 0 8 5 0 0 5 8 0 0 8 5 0 0 8 5 0 0 8 5 0 0 8 5 0 0 3 4 0 0 4 3 0 0 3 4 0 0 4 3 0 0 3 4 0 0 4 3 0 0 3 4 0 0 4 3 0 0 4 3 0 0 3 4 0 0 3 4 0 0 4 3 0 0 4 3 0 0 3 4 0 0 4 3 0 0 4 3 0 0 4 3 0 0 4 3 0 0 17 0 0 0 17 0 0 0 17 0 0 0 17 0 0 0 17 0 0 0 17 0 0 0 17 0 0 0 17 0 0 0 17 0 0 0 17 0 0 0 17 0 0 0 17 0 0 0 17 0 0 0 17 0 0 0 17 0 0 0 17 0 0 0 17 0 0 0 17 0 0 0 17 0 0 0 17 0 0 0 17 0 0 0 17 0 0 0 17 0 0 0 17 0 0 0 17 0 0 0 17 0 0 0 17 0 0 0 17 0 0 0 17 0 0 0 17 0 0 0 17 0 0 0 17 0 0 0 17 0 0 0 17 0 0 0 17 0 0 0 17 0 0 0 17 0 0 0 17 0 0 0 17 0 0 0 17 0 0 0 17 0 0 0 17 0 0 0 17 0 0 0 17 0 0 0 17 0 0 0 17 0 0 0 17 0 0 0 17 0 0 0 17 0 0 0 17 0 0 0 17 0 0 0 17 0 0 0 17 0 0 0 17 0 0 0 17 0 0 0 17 0 0 0 17 0 0 0 17 0 0 0 17 0 0 0 17 0 0 0 17 0 0 0 17 0 0 0 17 0 0 0 17 0 0 0 17 0 0 0 17 0 0 0 17 0 0 0 17 0 0 0 17 0 0 0 17 0 0 0 17 0 0 0 17 0 0 0 17 0 0 0 17 0 0 0 17 0 0 0 17 0 0 0 17 0 0 0 17 0 0 0 17 0 0 0 17 0 0 0 17 0 0 0 17 0 0 0 17 0 0 0 17 0 0 0 17 0 0 0 17 0 0 0 17 0 0 0 17 0 0 0 17 0 0 0 17 0 0 0 17 0 0 0 17 0 0 0 17 0 0 0 17 0 0 0 17 0 0 0 17 0 0 0 17 0 0 0 17 0 0 0 17 0 0 0 17 0 0 0 17 0 0 0 17 0 0 0 17 0 0 0 17 0 0 0 17 0 0 0 17 0 0 0 17 0 0 0 17 0 0 0 17 0 0 0 17 0 0 0 17 0 0 0 17 0 0 0 17 0 0 0 17 0 0 0 17 0 0 0 17 0 0 0 17 0 0 0 17 0 0 0 17 0 0 0 17 0 0 0 17 0 0 0 17 0 0 0 17 0 0 0 17 0 0 0 17 0 0 0 17 0 0 0 17 0 0 0 17 0 0 0 17 0 0 0 17 0 0 0 17 0 0 0 17 0 0 0 17 0 0 0 17 0 0 0 17 0 0 0 17 0 0 0 17 0 0 0 17 0 0 0 17 0 0 0 17 0 0 0 17 0 0 0 17 0 0 0 17 0 0 0 17 0 0 0 17 0 0 0 17 0 0 0 17 0 0 0 17 0 0 0 17 0 0 0 17 0 0 0 17 0 0 0 17 0 0 0 17 0 0 0 17 0 0 0 17 0 0 0 17 0 0 0 17 0 0 0 17 0 0 0 17 0 0 0 17 0 0 0 17 0 0 0 17 0 0 0 17 0 0 0 17 0 0 0 17 0 0 0 17 0 0 0 17 0 0 0 17 0 0 0 17 0 0 0 17 0 0 0 17 0 0 0 17 0 0 0 17 0 0 0 17 0 0 0 17 0 0 0 17 0 0 0 17 0 0 0 17 0 0 0 17 0 0 0 17 0 0 0 17 0 0 0 17 0 0 0 17 0 0 0 17 0 0 0 17 0 0 0 17 0 0 0 17 0 0 0 17 0 0 0 17 0 0 0 17 0 0 0 17 0 0 0 17 0 0 0 17 0 0 0 17 0 0 0 17 0 0 0 17 0 0 0 17 0 0 0 17 0 0 0 17 0 0 0 17 0 0 0 17 0 0 0 17 0 0 0 17 0 0 0 17 0 0 0 17 0 0 0 17 0 0 0 17 0 0 0 17 0 0 0 17 0 0 0 17 0 0 0 17 0 0 0 17 0 0 0 17 0 0 0 17 0 0 0 17 0 0 0 17 0 0 0 17 0 0 0 17 0 0 0 17 0 0 0 17 0 0 0 17 0 0 0 17 0 0 0 17 0 0 0 17 0 0 0 17 0 0 0 17 0 0 0 17 0 0 0 17 0 0 0 17 0 0 0 17 0 0 0 17 0 0 0 17 0 0 0 17 0 0 0 17 0 0 0 17 0 0 0 17 0 0 0 17 0 0 0 17 0 0 0 17 0 0 0 17 0 0 0 17 0 0 0 17 0 0 0 17 0 0 0 17 0 0 0 17 0 0 0 17 0 0 0 17 0 0 0 17 0 0 0 17 0 0 0 17 0 0 0 17 0 0 0 17 0 0 0 17 0 0 0 17 0 0 0 17 0 0 0 17 0 0 0 17 0 0 0 17 0 0 0 17 0 0 0 17 0 0 0 17 0 0 0 17 0 0 0 17 0 0 0 17 0 0 0 17 0 0 0 17 0 0 0 17 0 0 0 17 0 0 0 17 0 0 0 17 0 0 0 17 0 0 0 17 0 0 0 17 0 0 0 17 0 0 0 17 0 0 0 17 0 0 0 17 0 0 0 17 0 0 0 17 0 0 0 17 0 0 0 17 0 0 0 17 0 0 0 17 0 0 0 17 0 0 0 17 0 0 0 17 0 0 0 17 0 0 0 17 0 0 0 17 0 0 0 17 0 0 0 17 0 0 0 17 0 0 0 17 0 0 0 17 0 0 0 17 0 0 0 17 0 0 0 17 0 0 0 17 0 0 0 17 0 0 0 17 0 0 0 17 0 0 0 17 0 0 0 17 0 0 0 17 0 0 0 17 0 0 0 17 0 0 0 17 0 0 0 17 0 0 0 17 0 0 0 17 0 0 0 17 0 0 0 17 0 0 0 17 0 0 0 17 0 0 0 17 0 0 0 17 0 0 0 17 0 0 0 17 0 0 0 17 0 0 0 17 0 0 0 17 0 0 0 17 0 0 0 17 0 0 0 17 0 0 0 17 0 0 0 17 0 0 0 17 0 0 0 17 0 0 0 17 0 0 0 17 0 0 0 17 0 0 0 17 0 0 0 17 0 0 0 17 0 0 0 17 0 0 0 17 0 0 0 17 0 0 0 17 0 0 0 17 0 0 0 17 0 0 0 17 0 0 0 17 0 0 0 17 0 0 0 17 0 0 0 17 0 0 0 17 0 0 0 17 0 0 0 17 0 0 0 17 0 0 0 17 0 0 0 17 0 0 0 17 0 0 0 17 0 0 0 17 0 0 0 17 0 0 0 17 0 0 0 17 0 0 0 17 0 0 0 17 0 0 0 17 0 0 0 17 0 0 0 17 0 0 0 17 0 0 0 17 0 0 0 17 0 0 0 17 0 0 0 17 0 0 0 17 0 0 0 17 0 0 0 17 0 0 0 17 0 0 0 17 0 0 0 17 0 0 0 17 0 0 0 17 0 0 0 17 0 0 0 17 0 0 0 17 0 0 0 17 0 0 0 17 0 0 0 17 0 0 0 17 0 0 0 17 0 0 0 17 0 0 0 17 0 0 0 17 0 0 0 17 0 0 0 17 0 0 0 17 0 0 0 17 0 0 0 17 0 0 0 17 0 0 0 17 0 0 0 17 0 0 0 17 0 0 0 17 0 0 0 17 0 0 0 17 0 0 0 17 0 0 0 17 0 0 0 17 0 0 0 17 0 0 0 17 0 0 0 17 0 0 0 17 0 0 0 17 0 0 0 17 0 0 0 17 0 0 0 17 0 0 0 17 0 0 0 17 0 0 0 17 0 0 0 17 0 0 0 17 0 0 0 17 0 0 0 17 0 0 0 17 0 0 0 17 0 0 0 17 0 0 0 17 0 0 0 17 0 0 0 17 0 0 0 17 0 0 0 17 0 0 0 17 0 0 0 17 0 0 0 17 0 0 0  
