<Hierarchy>:
	<Frame>: 0 3 MonsterWeapon
		<Transform>: 0 0 0 0 0 0 1 1 1 0 0 0 1  
		<TransformMatrix>: 1 0 0 0 0 1 0 0 0 0 1 0 0 0 0 1  
		<Children>: 2
			<Frame>: 1 0 hips
				<Transform>: 0 0 0 0 180 180 1 1 1 -1 0 0 0  
				<TransformMatrix>: 1 0 0 0 0 -1 0 0 0 0 -1 0 0 0 0 1  
				<Children>: 3
					<Frame>: 2 0 L_leg
						<Transform>: -0.8463832 -0.0006884999 0.02833793 359.9875 171.2997 183.0294 1 1 1 0.996771 -0.02634942 0.0758219 -0.002113545  
						<TransformMatrix>: 0.9871135 -0.05284917 0.1510427 0 -0.05220816 -0.9986027 -0.008209165 0 0.1512655 0.0002177139 -0.9884933 0 -0.8463832 -0.0006884999 0.02833793 1  
						<Children>: 1
							<Frame>: 3 0 L_knee
								<Transform>: -1.640981E-10 0.06089782 -1.722896 15.84618 -9.160462E-09 1.756417E-15 1 1 1 0.1378437 -7.917701E-11 1.101925E-11 0.990454  
								<TransformMatrix>: 1 2.94903E-17 1.598802E-10 0 -4.365623E-11 0.9619982 0.2730557 0 -1.538045E-10 -0.2730557 0.9619982 0 -1.640981E-10 0.06089782 -1.722896 1  
								<Children>: 1
									<Frame>: 4 0 L_ankle
										<Transform>: 9.841017E-14 -8.881784E-17 -1.060116 297.8346 8.903471 340.3447 1 1 1 -0.5185104 -0.02235496 -0.1062526 0.8481496  
										<TransformMatrix>: 0.9764213 -0.1570536 0.1481068 0 0.2034187 0.4397147 -0.8747982 0 0.07226542 0.8842993 0.4612944 0 9.841017E-14 -8.881784E-17 -1.060116 1  
										<Children>: 1
											<Frame>: 5 0 L_foot
												<Transform>: 5.329071E-16 -2.109424E-16 -0.5052671 326.1732 3.53837E-06 0 1 1 1 -0.2909261 2.954249E-08 8.983244E-09 0.9567456  
												<TransformMatrix>: 1 0 -6.17562E-08 0 -3.437872E-08 0.8307241 -0.5566844 0 5.130237E-08 0.5566844 0.8307241 0 5.329071E-16 -2.109424E-16 -0.5052671 1  
												<Children>: 1
													<Frame>: 6 0 L_toes
														<Transform>: 1.776357E-16 8.354428E-16 -0.5347891 1.025729E-13 -2.544444E-14 1.192708E-15 1 1 1 8.951173E-16 -2.220446E-16 1.040834E-17 1  
														<TransformMatrix>: 1 2.081668E-17 4.440892E-16 0 -2.081668E-17 1 1.790235E-15 0 -4.440892E-16 -1.790235E-15 1 0 1.776357E-16 8.354428E-16 -0.5347891 1  
														<Children>: 0
													</Frame>
											</Frame>
									</Frame>
							</Frame>
					</Frame>
					<Frame>: 7 0 R_leg
						<Transform>: 0.8463832 -0.0006884999 0.02833793 359.5817 186.2481 174.1983 1 1 1 0.9972379 0.05033333 -0.05424328 -0.006397973  
						<TransformMatrix>: 0.9890484 0.1010827 -0.1075428 0 0.09969451 -0.9948514 -0.01822109 0 -0.108831 0.007300112 -0.9940336 0 0.8463832 -0.0006884999 0.02833793 1  
						<Children>: 1
							<Frame>: 8 0 R_knee
								<Transform>: -5.401842E-09 0.06089782 -1.722896 22.46775 -8.131809E-08 0 1 1 1 0.1948143 -6.960378E-10 1.382469E-10 0.9808401  
								<TransformMatrix>: 1 0 1.419268E-09 0 -5.423925E-10 0.9240948 0.3821634 0 -1.311539E-09 -0.3821634 0.9240948 0 -5.401842E-09 0.06089782 -1.722896 1  
								<Children>: 1
									<Frame>: 9 0 R_ankle
										<Transform>: -7.421466E-09 2.664535E-16 -1.060116 290.8919 335.6188 37.04588 1 1 1 -0.5809238 0.01121836 0.1421777 0.8013659  
										<TransformMatrix>: 0.9593193 0.2148387 -0.1831688 0 -0.2409067 0.2846261 -0.927875 0 -0.1472088 0.9342549 0.3248034 0 -7.421466E-09 2.664535E-16 -1.060116 1  
										<Children>: 1
											<Frame>: 10 0 R_foot
												<Transform>: -4.674709E-08 -4.641229E-08 -0.5052671 326.1732 3.538373E-06 -4.900677E-13 1 1 1 -0.2909261 2.954251E-08 8.98325E-09 0.9567456  
												<TransformMatrix>: 1 -7.105427E-15 -6.175625E-08 0 -3.437874E-08 0.830724 -0.5566846 0 5.13024E-08 0.5566846 0.830724 0 -4.674709E-08 -4.641229E-08 -0.5052671 1  
												<Children>: 1
													<Frame>: 11 0 R_toes
														<Transform>: -5.006581E-09 0 -0.5347891 7.315276E-14 -2.051458E-13 -3.975693E-16 1 1 1 6.383782E-16 -1.790235E-15 -3.469447E-18 1  
														<TransformMatrix>: 1 -6.938894E-18 3.580469E-15 0 6.938894E-18 1 1.276756E-15 0 -3.580469E-15 -1.276756E-15 1 0 -5.006581E-09 0 -0.5347891 1  
														<Children>: 0
													</Frame>
											</Frame>
									</Frame>
							</Frame>
					</Frame>
					<Frame>: 12 0 spine
						<Transform>: -2.38698E-16 -5.113132E-12 -1.361037 9.185452 -5.307638E-05 0.05429488 1 1 1 0.08007236 -3.840095E-05 0.0004723279 0.996789  
						<TransformMatrix>: 0.9999995 0.0009354728 0.0001521961 0 -0.0009477722 0.9871764 0.1596305 0 -9.144787E-07 -0.1596305 0.9871768 0 -2.38698E-16 -5.113132E-12 -1.361037 1  
						<Children>: 1
							<Frame>: 13 0 chest
								<Transform>: 6.938894E-18 4.193572E-09 -1.077067 352.994 359.9572 1.831966 1 1 1 -0.06109899 0.0006038571 0.01593354 0.9980044  
								<TransformMatrix>: 0.9994915 0.03172969 -0.00315235 0 -0.03187728 0.9920261 -0.1219349 0 -0.0007417422 0.1219734 0.9925331 0 6.938894E-18 4.193572E-09 -1.077067 1  
								<Children>: 3
									<Frame>: 14 0 head
										<Transform>: -6.938894E-18 3.205436E-13 -1.718267 24.69589 358.654 357.2047 1 1 1 0.2140494 -0.006255359 -0.02131464 0.9765702  
										<TransformMatrix>: 0.9990131 -0.04430839 0.003092824 0 0.03895257 0.9074571 0.4183352 0 -0.02134237 -0.4178019 0.9082875 0 -6.938894E-18 3.205436E-13 -1.718267 1  
										<Children>: 4
											<Frame>: 15 0 jaw
												<Transform>: 1.356247E-08 0.5019118 -0.8276339 76.79594 338.727 163.8794 1 1 1 -0.05763336 -0.6247002 0.7787154 -0.005511667  
												<TransformMatrix>: -0.9932961 0.06342311 -0.09664625 0 0.08059119 -0.2194384 -0.9722921 0 -0.08287369 -0.9735627 0.2128559 0 1.356247E-08 0.5019118 -0.8276339 1  
												<Children>: 1
													<Frame>: 16 0 lip
														<Transform>: 1.776357E-16 2.842171E-15 -1.361043 2.544444E-14 -1.669791E-14 2.226388E-14 1 1 1 2.220446E-16 -1.457168E-16 1.94289E-16 1  
														<TransformMatrix>: 1 3.885781E-16 2.914335E-16 0 -3.885781E-16 1 4.440892E-16 0 -2.914335E-16 -4.440892E-16 1 0 1.776357E-16 2.842171E-15 -1.361043 1  
														<Children>: 0
													</Frame>
											</Frame>
											<Frame>: 17 0 L_eye
												<Transform>: -0.7394881 1.159725 -2.157976 67.40738 348.0249 273.884 1 1 1 0.4624793 0.3133766 -0.5225911 0.6440548  
												<TransformMatrix>: 0.2573872 -0.3832942 -0.8870386 0 0.963015 0.02602285 0.2681883 0 -0.07971171 -0.9232597 0.375816 0 -0.7394881 1.159725 -2.157976 1  
												<Children>: 0
											</Frame>
											<Frame>: 18 0 R_eye
												<Transform>: 0.7394881 1.159725 -2.157976 66.97285 16.72532 240.043 1 1 1 -0.1680893 -0.5333258 0.7545931 -0.343364  
												<TransformMatrix>: -0.7076944 -0.3389075 -0.6199278 0 0.697493 -0.1953297 -0.6894563 0 0.1125717 -0.9203196 0.3746191 0 0.7394881 1.159725 -2.157976 1  
												<Children>: 0
											</Frame>
											<Frame>: 19 0 top
												<Transform>: 2.486675E-10 -0.002148788 -2.547173 359.9517 -5.593494E-09 2.981771E-16 1 1 1 -0.0004217984 -4.881244E-11 -2.058641E-14 0.9999999  
												<TransformMatrix>: 1 5.20417E-18 9.762489E-11 0 8.235084E-14 0.9999996 -0.0008435968 0 -9.762485E-11 0.0008435968 0.9999996 0 2.486675E-10 -0.002148788 -2.547173 1  
												<Children>: 0
											</Frame>
									</Frame>
									<Frame>: 20 0 L_shoulder
										<Transform>: -1.235794 -0.371337 -0.9038634 272.2137 68.30421 291.7437 1 1 1 -0.7019199 0.01298517 -0.01239392 0.7120296  
										<TransformMatrix>: 0.9993556 -0.03587877 -0.00109257 0 -0.0005794186 0.01430964 -0.9998974 0 0.03589073 0.9992537 0.0142796 0 -1.235794 -0.371337 -0.9038634 1  
										<Children>: 2
											<Frame>: 21 0 L_arm
												<Transform>: -0.8346986 -0.08256065 -0.05405001 286.552 82.70977 29.61755 1 1 1 -0.2985809 0.6267169 0.5357403 0.4806846  
												<TransformMatrix>: -0.3595835 0.1407928 -0.92243 0 -0.8892957 0.2476635 0.3844685 0 0.2825826 0.9585615 0.03615069 0 -0.8346986 -0.08256065 -0.05405001 1  
												<Children>: 1
													<Frame>: 22 0 L_elbow
														<Transform>: 3.552714E-16 1.065814E-15 -1.853685 350.3873 32.88578 358.8079 1 1 1 -0.0832914 0.2812129 0.01377324 0.9559247  
														<TransformMatrix>: 0.8414592 -0.02051287 -0.5399311 0 -0.0731776 0.9857457 -0.1514942 0 0.5353424 0.1669871 0.8279637 0 3.552714E-16 1.065814E-15 -1.853685 1  
														<Children>: 1
															<Frame>: 23 0 L_wrist
																<Transform>: -9.547918E-16 -1.065814E-15 -2.003502 354.0876 345.1629 4.69826 1 1 1 -0.05638335 -0.1267405 0.03393806 0.9897504  
																<TransformMatrix>: 0.9655701 0.08147253 0.2470559 0 -0.05288831 0.9913383 -0.1202136 0 -0.25471 0.1030082 0.9615155 0 -9.547918E-16 -1.065814E-15 -2.003502 1  
																<Children>: 4
																	<Frame>: 24 0 L_finger1
																		<Transform>: -0.09544537 -0.05363349 -0.9129344 330.6073 351.6959 11.42185 1 1 1 -0.2587439 -0.04450857 0.07772385 0.9617846  
																		<TransformMatrix>: 0.983956 0.1725398 0.04539416 0 -0.1264746 0.8540212 -0.5046306 0 -0.1258365 0.490793 0.8621411 0 -0.09544537 -0.05363349 -0.9129344 1  
																		<Children>: 1
																			<Frame>: 25 0 L_finger2
																				<Transform>: 8.881784E-16 2.664535E-16 -0.2867333 335.8581 347.5151 -2.339015E-07 1 1 1 -0.2078826 -0.1063318 -0.02273915 0.9720912  
																				<TransformMatrix>: 0.976353 -3.72529E-09 0.2161825 0 0.08841811 0.9125355 -0.3993259 0 -0.1972742 0.4089975 0.8909568 0 8.881784E-16 2.664535E-16 -0.2867333 1  
																				<Children>: 1
																					<Frame>: 26 0 L_finger3
																						<Transform>: -2.131628E-15 7.993606E-16 -0.2416738 341.5725 358.2057 0 1 1 1 -0.1600987 -0.01545508 -0.002506988 0.9869769  
																						<TransformMatrix>: 0.9995097 0 0.03131035 0 0.009897356 0.9487242 -0.31595 0 -0.02970488 0.316105 0.9482591 0 -2.131628E-15 7.993606E-16 -0.2416738 1  
																						<Children>: 1
																							<Frame>: 27 0 Joint_3_3
																								<Transform>: -1.065814E-15 3.552714E-16 -0.2225879 2.130972E-13 2.385416E-13 3.975694E-15 1 1 1 1.859624E-15 2.081668E-15 3.469447E-17 1  
																								<TransformMatrix>: 1 6.938894E-17 -4.163336E-15 0 -6.938894E-17 1 3.719247E-15 0 4.163336E-15 -3.719247E-15 1 0 -1.065814E-15 3.552714E-16 -0.2225879 1  
																								<Children>: 0
																							</Frame>
																					</Frame>
																			</Frame>
																	</Frame>
																	<Frame>: 28 0 L_pink1
																		<Transform>: 0.2312118 -0.03866429 -0.7514402 350.451 347.7855 10.58977 1 1 1 -0.09219293 -0.09793127 0.08262192 0.9874632  
																		<TransformMatrix>: 0.9671662 0.1812294 0.1781727 0 -0.1451151 0.9693482 -0.1982568 0 -0.2086414 0.1658917 0.9638199 0 0.2312118 -0.03866429 -0.7514402 1  
																		<Children>: 1
																			<Frame>: 29 0 L_pink2
																				<Transform>: -1.776357E-15 3.552714E-16 -0.2244103 333.8973 3.287099 5.942142E-08 1 1 1 -0.2257312 0.02794052 0.006476956 0.9737673  
																				<TransformMatrix>: 0.9983547 9.313226E-10 -0.05733924 0 -0.02522819 0.898007 -0.4392574 0 0.05149104 0.4399813 0.8965295 0 -1.776357E-15 3.552714E-16 -0.2244103 1  
																				<Children>: 1
																					<Frame>: 30 0 L_pink3
																						<Transform>: 1.065814E-15 1.110223E-15 -0.2267743 307.5328 350.2911 0 1 1 1 -0.4404466 -0.07590804 -0.03740672 0.8937815  
																						<TransformMatrix>: 0.9856774 0 0.1686417 0 0.1337338 0.609215 -0.7816472 0 -0.1027391 0.7930051 0.6004895 0 1.065814E-15 1.110223E-15 -0.2267743 1  
																						<Children>: 1
																							<Frame>: 31 0 Joint_3_2
																								<Transform>: -6.750156E-15 -1.953993E-15 -0.2204758 -8.539789E-13 1.841541E-12 4.651561E-14 1 1 1 -7.452372E-15 1.607048E-14 4.059253E-16 1  
																								<TransformMatrix>: 1 8.118506E-16 -3.214096E-14 0 -8.118506E-16 1 -1.490474E-14 0 3.214096E-14 1.490474E-14 1 0 -6.750156E-15 -1.953993E-15 -0.2204758 1  
																								<Children>: 0
																							</Frame>
																					</Frame>
																			</Frame>
																	</Frame>
																	<Frame>: 32 0 L_thumb1
																		<Transform>: -0.1841269 -0.03598576 -0.3706699 330.65 25.32521 57.91473 1 1 1 -0.1136027 0.3052186 0.5055638 0.7989627  
																		<TransformMatrix>: 0.3024937 0.7385058 -0.6025833 0 -0.8772005 0.4629993 0.1270863 0 0.3728497 0.4901436 0.7878721 0 -0.1841269 -0.03598576 -0.3706699 1  
																		<Children>: 1
																			<Frame>: 33 0 L_thumb2
																				<Transform>: 1.576517E-15 -1.953993E-15 -0.3066483 348.5946 2.011096 -1.360896E-08 1 1 1 -0.09935155 0.01746237 0.001743811 0.9948977  
																				<TransformMatrix>: 0.999384 -2.328306E-10 -0.03509304 0 -0.006939654 0.9802524 -0.1976283 0 0.03440004 0.1977502 0.9796486 0 1.576517E-15 -1.953993E-15 -0.3066483 1  
																				<Children>: 1
																					<Frame>: 34 0 L_thumb3
																						<Transform>: 1.265654E-15 -5.062617E-15 -0.2758698 333.598 347.6516 9.531958E-07 1 1 1 -0.2270435 -0.10471 -0.02456147 0.9679276  
																						<TransformMatrix>: 0.9768651 1.490116E-08 0.2138565 0 0.0950949 0.895696 -0.4343796 0 -0.1915504 0.444667 0.8749741 0 1.265654E-15 -5.062617E-15 -0.2758698 1  
																						<Children>: 1
																							<Frame>: 35 0 Joint_3
																								<Transform>: 1.865175E-15 -4.618528E-15 -0.2343771 -4.007499E-13 -1.37559E-13 3.180555E-15 1 1 1 -3.497203E-15 -1.200429E-15 2.775558E-17 1  
																								<TransformMatrix>: 1 5.551115E-17 2.400857E-15 0 -5.551115E-17 1 -6.994405E-15 0 -2.400857E-15 6.994405E-15 1 0 1.865175E-15 -4.618528E-15 -0.2343771 1  
																								<Children>: 0
																							</Frame>
																					</Frame>
																			</Frame>
																	</Frame>
																	<Frame>: 36 0 shield
																		<Transform>: 0.08216315 0.1755531 -0.6759126 70.42908 352.2888 94.9451 1 1 1 0.348408 -0.4611288 0.6269366 0.52242  
																		<TransformMatrix>: -0.2113785 0.3337266 0.9186652 0 -0.9763703 -0.02887511 -0.2141664 0 -0.04494649 -0.9422276 0.3319443 0 0.08216315 0.1755531 -0.6759126 1  
																		<Mesh>: 287 shield
																			<Bounds>: 0 0 -0.01539014 1.848 1.848 0.4679055
																			<Positions>: 287 -0.2953337 0.1223312 -0.4005515 -7.126836E-16 1.24345E-15 -0.4832956 -0.3196669 1.267215E-15 -0.4005515 -0.2260386 0.2260386 -0.4005515 -0.1223312 0.2953337 -0.4005515 -8.006769E-16 0.3196669 -0.4005515 0.1223312 0.2953337 -0.4005515 0.2260386 0.2260386 -0.4005515 0.2953337 0.1223312 -0.4005515 0.3196669 1.219684E-15 -0.4005515 0.2953337 -0.1223312 -0.4005515 0.2260386 -0.2260386 -0.4005515 0.1223312 -0.2953337 -0.4005515 -5.827994E-16 -0.3196669 -0.4005515 -0.1223312 -0.2953337 -0.4005515 -0.2260386 -0.2260386 -0.4005515 -0.2953337 -0.1223312 -0.4005515 -1.707329 0.707199 -0.1043378 -1.848 1.38084E-15 -0.1043378 -1.848 1.38084E-15 0.1043378 -1.707329 0.707199 0.1043378 -1.306733 1.306733 -0.1043378 -1.306733 1.306733 0.1043378 -0.707199 1.707329 -0.1043378 -0.707199 1.707329 0.1043378 -1.251136E-15 1.848 -0.1043378 -1.251136E-15 1.848 0.1043378 0.707199 1.707329 -0.1043378 0.707199 1.707329 0.1043378 1.306733 1.306733 -0.1043378 1.306733 1.306733 0.1043378 1.707329 0.707199 -0.1043378 1.707329 0.707199 0.1043378 1.848 1.10606E-15 -0.1043378 1.707329 0.707199 -0.1043378 1.848 1.10606E-15 0.1043378 1.707329 -0.707199 -0.1043378 1.848 1.10606E-15 -0.1043378 1.707329 -0.707199 0.1043378 1.306733 -1.306733 -0.1043378 1.306733 -1.306733 0.1043378 0.707199 -1.707329 -0.1043378 0.707199 -1.707329 0.1043378 5.636522E-17 -1.848 -0.1043378 5.636522E-17 -1.848 0.1043378 -0.707199 -1.707329 -0.1043378 -0.707199 -1.707329 0.1043378 -1.306733 -1.306733 -0.1043378 -1.306733 -1.306733 0.1043378 -1.707329 -0.707199 -0.1043378 -1.707329 -0.707199 0.1043378 -1.848 1.38084E-15 -0.1043378 -1.707329 -0.707199 -0.1043378 -1.465365 0.6069741 0.1229265 -1.5861 1.361369E-15 0.1229265 -7.105427E-16 1.24345E-15 -0.1825582 -1.121542 1.121542 0.1229265 -0.6069741 1.465365 0.1229265 -1.174523E-15 1.5861 0.1229265 0.6069741 1.465365 0.1229265 1.121542 1.121542 0.1229265 1.465365 0.6069741 0.1229265 1.5861 1.125531E-15 0.1229265 1.465365 -0.6069741 0.1229265 1.121542 -1.121542 0.1229265 0.6069741 -1.465365 0.1229265 -5.232168E-17 -1.5861 0.1229265 -0.6069741 -1.465365 0.1229265 -1.121542 -1.121542 0.1229265 -1.465365 -0.6069741 0.1229265 -0.707199 1.707329 0.1043378 -1.306733 1.306733 0.1043378 -1.707329 0.707199 0.1043378 -1.848 1.38084E-15 0.1043378 1.848 1.10606E-15 0.1043378 1.707329 -0.707199 0.1043378 0.707199 -1.707329 0.1043378 5.636522E-17 -1.848 0.1043378 -1.306733 -1.306733 0.1043378 -1.707329 -0.707199 0.1043378 -1.251136E-15 1.848 0.1043378 0.707199 1.707329 0.1043378 1.306733 1.306733 0.1043378 1.707329 0.707199 0.1043378 -0.707199 -1.707329 0.1043378 -1.448902 0.6001547 -0.1043378 -1.56828 1.360044E-15 -0.1043378 -1.848 1.38084E-15 -0.1043378 -1.707329 0.707199 -0.1043378 -1.108941 1.108941 -0.1043378 -1.306733 1.306733 -0.1043378 -0.6001547 1.448902 -0.1043378 -0.707199 1.707329 -0.1043378 -1.16931E-15 1.56828 -0.1043378 -1.251136E-15 1.848 -0.1043378 0.6001547 1.448902 -0.1043378 0.707199 1.707329 -0.1043378 1.108941 1.108941 -0.1043378 1.306733 1.306733 -0.1043378 1.448902 0.6001547 -0.1043378 1.707329 0.707199 -0.1043378 1.56828 1.126856E-15 -0.1043378 1.848 1.10606E-15 -0.1043378 1.448902 -0.6001547 -0.1043378 1.707329 -0.707199 -0.1043378 1.108941 -1.108941 -0.1043378 1.306733 -1.306733 -0.1043378 0.6001547 -1.448902 -0.1043378 0.707199 -1.707329 -0.1043378 -5.971683E-17 -1.56828 -0.1043378 5.636522E-17 -1.848 -0.1043378 -0.6001547 -1.448902 -0.1043378 -0.707199 -1.707329 -0.1043378 -1.108941 -1.108941 -0.1043378 -1.306733 -1.306733 -0.1043378 -1.448902 -0.6001547 -0.1043378 -1.707329 -0.707199 -0.1043378 -1.362166 0.5642276 -0.009593683 -1.474398 1.353064E-15 -0.009593683 -1.56828 1.360044E-15 -0.1043378 -1.448902 0.6001547 -0.1043378 -1.042557 1.042557 -0.009593683 -1.108941 1.108941 -0.1043378 -0.5642276 1.362166 -0.009593683 -0.6001547 1.448902 -0.1043378 -1.141847E-15 1.474398 -0.009593683 -1.16931E-15 1.56828 -0.1043378 0.5642276 1.362166 -0.009593683 0.6001547 1.448902 -0.1043378 1.042557 1.042557 -0.009593683 1.108941 1.108941 -0.1043378 1.362166 0.5642276 -0.009593683 1.448902 0.6001547 -0.1043378 1.474398 1.133835E-15 -0.009593683 1.56828 1.126856E-15 -0.1043378 1.362166 -0.5642276 -0.009593683 1.448902 -0.6001547 -0.1043378 1.042557 -1.042557 -0.009593683 1.108941 -1.108941 -0.1043378 0.5642276 -1.362166 -0.009593683 0.6001547 -1.448902 -0.1043378 -9.867727E-17 -1.474398 -0.009593683 -5.971683E-17 -1.56828 -0.1043378 -0.5642276 -1.362166 -0.009593683 -0.6001547 -1.448902 -0.1043378 -1.042557 -1.042557 -0.009593683 -1.108941 -1.108941 -0.1043378 -1.362166 -0.5642276 -0.009593683 -1.448902 -0.6001547 -0.1043378 1.306733 -1.306733 0.1043378 -0.4170647 0.1727539 -0.2779223 -0.4514275 1.277011E-15 -0.2779223 -1.474398 1.353064E-15 -0.009593683 -1.362166 0.5642276 -0.009593683 -0.3192075 0.3192075 -0.2779223 -1.042557 1.042557 -0.009593683 -0.1727539 0.4170647 -0.2779223 -0.5642276 1.362166 -0.009593683 -8.425983E-16 0.4514275 -0.2779223 -1.141847E-15 1.474398 -0.009593683 0.1727539 0.4170647 -0.2779223 0.5642276 1.362166 -0.009593683 0.3192075 0.3192075 -0.2779223 1.042557 1.042557 -0.009593683 0.4170647 0.1727539 -0.2779223 1.362166 0.5642276 -0.009593683 0.4514275 1.209888E-15 -0.2779223 1.474398 1.133835E-15 -0.009593683 0.4170647 -0.1727539 -0.2779223 1.362166 -0.5642276 -0.009593683 0.3192075 -0.3192075 -0.2779223 1.042557 -1.042557 -0.009593683 0.1727539 -0.4170647 -0.2779223 0.5642276 -1.362166 -0.009593683 -5.232033E-16 -0.4514275 -0.2779223 -9.867727E-17 -1.474398 -0.009593683 -0.1727539 -0.4170647 -0.2779223 -0.5642276 -1.362166 -0.009593683 -0.3192075 -0.3192075 -0.2779223 -1.042557 -1.042557 -0.009593683 -0.4170647 -0.1727539 -0.2779223 -1.362166 -0.5642276 -0.009593683 -0.4514275 1.277011E-15 -0.2779223 -0.4170647 0.1727539 -0.2779223 -0.2953337 0.1223312 -0.4005515 -0.3196669 1.267215E-15 -0.4005515 -0.2260386 0.2260386 -0.4005515 -0.3192075 0.3192075 -0.2779223 -0.1223312 0.2953337 -0.4005515 -0.1727539 0.4170647 -0.2779223 -8.006769E-16 0.3196669 -0.4005515 -8.425983E-16 0.4514275 -0.2779223 0.1223312 0.2953337 -0.4005515 0.1727539 0.4170647 -0.2779223 0.2260386 0.2260386 -0.4005515 0.3192075 0.3192075 -0.2779223 0.2953337 0.1223312 -0.4005515 0.4170647 0.1727539 -0.2779223 0.3196669 1.219684E-15 -0.4005515 0.4514275 1.209888E-15 -0.2779223 0.2953337 -0.1223312 -0.4005515 0.4170647 -0.1727539 -0.2779223 0.2260386 -0.2260386 -0.4005515 0.3192075 -0.3192075 -0.2779223 0.1223312 -0.2953337 -0.4005515 0.1727539 -0.4170647 -0.2779223 -5.827994E-16 -0.3196669 -0.4005515 -5.232033E-16 -0.4514275 -0.2779223 -0.1223312 -0.2953337 -0.4005515 -0.1727539 -0.4170647 -0.2779223 -0.2260386 -0.2260386 -0.4005515 -0.3192075 -0.3192075 -0.2779223 -0.2953337 -0.1223312 -0.4005515 -0.4170647 -0.1727539 -0.2779223 -0.21 0.5332236 0.3499478 -0.21 0.5743204 -0.1363645 -0.21 0.507359 -0.1420232 -0.21 0.507359 -0.1420232 -0.21 0.4687581 0.3147549 -0.21 0.4264238 0.4321015 -0.21 0.4028794 0.3654308 -0.21 -0.4513761 0.4525154 -0.21 -0.4328229 0.3848657 -0.21 -0.5780858 0.3733218 -0.21 -0.4328229 0.3848657 -0.21 -0.5186405 0.3312297 -0.21 -0.6940581 -0.1451423 -0.21 -0.6284786 -0.1598113 -0.21 0.4687581 0.3147549 -0.21 0.507359 -0.1420232 0.21 0.507359 -0.1420232 -0.21 0.4687581 0.3147549 0.21 0.4687581 0.3147549 0.21 0.4687581 0.3147549 0.21 0.507359 -0.1420232 0.21 0.5743204 -0.1363645 0.21 0.5743204 -0.1363645 0.21 0.5332236 0.3499478 0.21 0.4028794 0.3654308 0.21 0.5332236 0.3499478 0.21 0.4264238 0.4321015 0.21 -0.4328229 0.3848657 0.21 -0.4328229 0.3848657 0.21 -0.4513761 0.4525154 0.21 -0.5186405 0.3312297 0.21 0.5332236 0.3499478 0.21 0.5743204 -0.1363645 -0.21 0.5743204 -0.1363645 0.21 0.5332236 0.3499478 -0.21 0.5332236 0.3499478 -0.21 0.4028794 0.3654308 -0.21 0.4687581 0.3147549 0.21 0.4687581 0.3147549 0.21 0.4028794 0.3654308 0.21 0.4264238 0.4321015 0.21 0.5332236 0.3499478 -0.21 0.5332236 0.3499478 -0.21 0.4264238 0.4321015 -0.21 -0.4328229 0.3848657 -0.21 0.4028794 0.3654308 0.21 0.4028794 0.3654308 0.21 -0.4328229 0.3848657 0.21 -0.4513761 0.4525154 0.21 0.4264238 0.4321015 -0.21 0.4264238 0.4321015 -0.21 -0.4513761 0.4525154 -0.21 -0.5186405 0.3312297 -0.21 -0.4328229 0.3848657 0.21 -0.4328229 0.3848657 0.21 -0.5186405 0.3312297 0.21 -0.5186405 0.3312297 0.21 -0.4513761 0.4525154 0.21 -0.5780858 0.3733218 0.21 -0.6284786 -0.1598113 0.21 -0.6940581 -0.1451423 0.21 -0.5780858 0.3733218 0.21 -0.4513761 0.4525154 -0.21 -0.4513761 0.4525154 -0.21 -0.5780858 0.3733218 -0.21 -0.6284786 -0.1598113 -0.21 -0.5186405 0.3312297 0.21 -0.5186405 0.3312297 0.21 -0.6284786 -0.1598113 0.21 -0.6940581 -0.1451423 0.21 -0.5780858 0.3733218 -0.21 -0.5780858 0.3733218 -0.21 -0.6940581 -0.1451423  
																			<Colors>: 0  
																			<TextureCoords0>: 287 0.2373727 0.2460874 0.2658186 0.2655055 0.2318808 0.2584131 0.2468436 0.2364681 0.2594538 0.2316479 0.2729515 0.2315594 0.2852695 0.2370764 0.2948695 0.2465636 0.2996671 0.2591761 0.2997351 0.2726641 0.2942099 0.2849599 0.2847288 0.2945217 0.2721515 0.2993078 0.2587046 0.2993869 0.2464255 0.2939103 0.2368311 0.2844725 0.2319981 0.2718982 0.06883021 0.1312673 0.0331924 0.2174509 0.004061526 0.2113219 0.04433033 0.1141011 0.1360761 0.0665673 0.1203385 0.04123718 0.2224194 0.03317893 0.2173546 0.00406152 0.3146066 0.033297 0.32079 0.004406035 0.4003188 0.06896746 0.4174535 0.04458725 0.4647913 0.1361477 0.4900961 0.1204606 0.4980438 0.2224491 0.5271634 0.2174299 0.4977227 0.314649 0.4980438 0.2224491 0.5266286 0.3209265 0.4616801 0.400376 0.4977227 0.314649 0.4859715 0.4176487 0.3941331 0.4642301 0.4096271 0.4895375 0.308362 0.4971755 0.3129667 0.5260313 0.2177826 0.4949554 0.2114889 0.5232546 0.1337065 0.4604647 0.117299 0.4845263 0.06864044 0.3955696 0.04402828 0.4117021 0.03322927 0.3102744 0.004149781 0.3157637 0.0331924 0.2174509 0.03322927 0.3102744 0.4330496 0.8044395 0.4028956 0.8772494 0.2349539 0.7650408 0.4330472 0.7256351 0.4028977 0.6528319 0.3471669 0.5971138 0.2743567 0.5669463 0.1955496 0.566944 0.1227437 0.5970925 0.06702345 0.6528239 0.03685454 0.7256361 0.03685232 0.8044457 0.06700202 0.8772537 0.1227356 0.9329751 0.1955503 0.9631437 0.2743632 0.9631424 0.347173 0.932979 0.4306845 0.6342655 0.4658311 0.7191081 0.4658388 0.8109543 0.430697 0.8958164 0.0392183 0.6342429 0.004061526 0.7191174 0.03921321 0.895821 0.1041546 0.9607812 0.2808929 0.9959325 0.3657534 0.9607728 0.3657467 0.5693095 0.2808752 0.5341544 0.1890236 0.5341585 0.1041773 0.5693045 0.1890319 0.9959384 0.09986083 0.1524547 0.06897533 0.2248169 0.0331924 0.2174509 0.06883021 0.1312673 0.1559384 0.09699708 0.1360761 0.0665673 0.2288864 0.06783545 0.2224194 0.03317893 0.307119 0.0687567 0.3146066 0.033297 0.3791359 0.09984654 0.4003188 0.06896746 0.4343814 0.1559308 0.4647913 0.1361477 0.463391 0.228843 0.4980438 0.2224491 0.462286 0.3070117 0.4977227 0.314649 0.430924 0.3790777 0.4616801 0.400376 0.3744713 0.4337156 0.3941331 0.4642301 0.3019354 0.4620661 0.308362 0.4971755 0.2249408 0.4610761 0.2177826 0.4949554 0.1537218 0.4310105 0.1337065 0.4604647 0.09868763 0.3756633 0.06864044 0.3955696 0.06881852 0.3033767 0.03322927 0.3102744 0.1136995 0.1618974 0.08567977 0.2283162 0.06897533 0.2248169 0.09986083 0.1524547 0.1654204 0.1115236 0.1559384 0.09699708 0.2319539 0.08457041 0.2288864 0.06783545 0.3035337 0.08537591 0.307119 0.0687567 0.3696752 0.1136237 0.3791359 0.09984654 0.4198597 0.1653716 0.4343814 0.1559308 0.4466646 0.2318738 0.463391 0.228843 0.4456686 0.3033619 0.462286 0.3070117 0.4169918 0.3693225 0.430924 0.3790777 0.3653805 0.4194291 0.3744713 0.4337156 0.2989949 0.4455845 0.3019354 0.4620661 0.2283332 0.4449893 0.2249408 0.4610761 0.1633482 0.4168031 0.1537218 0.4310105 0.1128318 0.3663337 0.09868763 0.3756633 0.08552066 0.3001717 0.06881852 0.3033767 0.004065644 0.8109721 0.2201931 0.2343796 0.2118395 0.2542544 0.08567977 0.2283162 0.1136995 0.1618974 0.2356312 0.2193226 0.1654204 0.1115236 0.2556136 0.2112083 0.2319539 0.08457041 0.2771668 0.2115209 0.3035337 0.08537591 0.2970114 0.2199228 0.3696752 0.1136237 0.3120275 0.2353894 0.4198597 0.1653716 0.3200975 0.2553732 0.4466646 0.2318738 0.3197387 0.2769176 0.4456686 0.3033619 0.3113144 0.2967215 0.4169918 0.3693225 0.2958408 0.3116231 0.3653805 0.4194291 0.2759447 0.3196594 0.2989949 0.4455845 0.2545168 0.3193219 0.2283332 0.4449893 0.2347768 0.3110198 0.1633482 0.4168031 0.2197707 0.2956842 0.1128318 0.3663337 0.2116085 0.2757869 0.08552066 0.3001717 0.2118395 0.2542544 0.2201931 0.2343796 0.2373727 0.2460874 0.2318808 0.2584131 0.2468436 0.2364681 0.2356312 0.2193226 0.2594538 0.2316479 0.2556136 0.2112083 0.2729515 0.2315594 0.2771668 0.2115209 0.2852695 0.2370764 0.2970114 0.2199228 0.2948695 0.2465636 0.3120275 0.2353894 0.2996671 0.2591761 0.3200975 0.2553732 0.2997351 0.2726641 0.3197387 0.2769176 0.2942099 0.2849599 0.3113144 0.2967215 0.2847288 0.2945217 0.2958408 0.3116231 0.2721515 0.2993078 0.2759447 0.3196594 0.2587046 0.2993869 0.2545168 0.3193219 0.2464255 0.2939103 0.2347768 0.3110198 0.2368311 0.2844725 0.2197707 0.2956842 0.2319981 0.2718982 0.2116085 0.2757869 0.7915649 0.2122598 0.8097246 0.1406351 0.8185891 0.1427503 0.8185891 0.1427503 0.8025168 0.2135813 0.7927999 0.2293391 0.8026346 0.2275562 0.7987735 0.358479 0.8075932 0.3589906 0.7990434 0.3760116 0.8075932 0.3589906 0.8087574 0.3746122 0.8160945 0.4440501 0.8238433 0.4422023 0.8025168 0.2135813 0.8185891 0.1427503 0.8702354 0.1474476 0.8025168 0.2135813 0.8748036 0.213487 0.8748036 0.213487 0.8702354 0.1474476 0.8785532 0.1467186 0.8785532 0.1467186 0.8852291 0.212557 0.8752351 0.2272934 0.8852291 0.212557 0.8848469 0.228738 0.8760312 0.3515379 0.8760312 0.3515379 0.8847463 0.3504916 0.8761296 0.3675894 0.8852291 0.212557 0.8785532 0.1467186 0.9365653 0.1433823 0.8852291 0.212557 0.9404421 0.2107933 0.8026346 0.2275562 0.8025168 0.2135813 0.8748036 0.213487 0.8752351 0.2272934 0.8848469 0.228738 0.8852291 0.212557 0.9404421 0.2107933 0.9406386 0.2301296 0.8075932 0.3589906 0.8026346 0.2275562 0.8752351 0.2272934 0.8760312 0.3515379 0.8847463 0.3504916 0.8848469 0.228738 0.9406386 0.2301296 0.9396933 0.3487898 0.8087574 0.3746122 0.8075932 0.3589906 0.8760312 0.3515379 0.8761296 0.3675894 0.8761296 0.3675894 0.8847463 0.3504916 0.8860443 0.3681223 0.8725566 0.4392298 0.8808526 0.4397004 0.8860443 0.3681223 0.8847463 0.3504916 0.9396933 0.3487898 0.9397625 0.3693067 0.8238433 0.4422023 0.8087574 0.3746122 0.8761296 0.3675894 0.8725566 0.4392298 0.8808526 0.4397004 0.8860443 0.3681223 0.9397625 0.3693067 0.9377561 0.4412865  
																			<TextureCoords1>: 0  
																			<Normals>: 287 -0.2315115 0.09589521 -0.9680943 0 0 -1 -0.2505862 0 -0.9680943 -0.1771912 0.1771912 -0.9680943 -0.09589521 0.2315115 -0.9680943 0 0.2505862 -0.9680943 0.09589521 0.2315115 -0.9680943 0.1771912 0.1771912 -0.9680943 0.2315115 0.09589521 -0.9680943 0.2505862 0 -0.9680943 0.2315115 -0.09589521 -0.9680943 0.1771912 -0.1771912 -0.9680943 0.09589521 -0.2315115 -0.9680943 0 -0.2505862 -0.9680943 -0.09589521 -0.2315115 -0.9680943 -0.1771912 -0.1771912 -0.9680943 -0.2315115 -0.09589521 -0.9680943 -0.9238795 0.3826834 0 -1 0 0 -1 0 0 -0.9238795 0.3826834 0 -0.7071068 0.7071068 0 -0.7071068 0.7071068 0 -0.3826834 0.9238795 0 -0.3826834 0.9238795 0 0 1 0 0 1 0 0.3826834 0.9238795 0 0.3826834 0.9238795 0 0.7071068 0.7071068 0 0.7071068 0.7071068 0 0.9238795 0.3826834 0 0.9238795 0.3826834 0 1 0 0 0.9238795 0.3826834 0 1 0 0 0.9238795 -0.3826834 0 1 0 0 0.9238795 -0.3826834 0 0.7071068 -0.7071068 0 0.7071068 -0.7071068 0 0.3826834 -0.9238795 0 0.3826834 -0.9238795 0 0 -1 0 0 -1 0 -0.3826834 -0.9238795 0 -0.3826834 -0.9238795 0 -0.7071068 -0.7071068 0 -0.7071068 -0.7071068 0 -0.9238795 -0.3826834 0 -0.9238795 -0.3826834 0 -1 0 0 -0.9238795 -0.3826834 0 0.05509248 -0.02282005 0.9982204 0.05963168 0 0.9982204 0 0 1 0.04216596 -0.04216596 0.9982204 0.02282005 -0.05509248 0.9982204 0 -0.05963167 0.9982204 -0.02282005 -0.05509248 0.9982204 -0.04216596 -0.04216596 0.9982204 -0.05509248 -0.02282005 0.9982204 -0.05963167 0 0.9982204 -0.05509248 0.02282005 0.9982204 -0.04216596 0.04216596 0.9982204 -0.02282005 0.05509248 0.9982204 0 0.05963167 0.9982204 0.02282005 0.05509248 0.9982204 0.04216596 0.04216596 0.9982204 0.05509248 0.02282005 0.9982204 -0.02709324 0.06540889 0.9974906 -0.05006179 0.05006179 0.9974906 -0.06540888 0.02709324 0.9974906 -0.07079805 0 0.9974906 0.07079805 0 0.9974906 0.06540888 -0.02709324 0.9974906 0.02709324 -0.06540889 0.9974906 0 -0.07079805 0.9974906 -0.05006179 -0.05006179 0.9974906 -0.06540889 -0.02709324 0.9974906 0 0.07079805 0.9974906 0.02709324 0.06540888 0.9974906 0.05006179 0.05006179 0.9974906 0.06540889 0.02709324 0.9974906 -0.02709324 -0.06540888 0.9974906 0 0 -1 0 0 -1 0 0 -1 0 0 -1 0 0 -1 0 0 -1 0 0 -1 0 0 -1 0 0 -1 0 0 -1 0 0 -1 0 0 -1 0 0 -1 0 0 -1 0 0 -1 0 0 -1 0 0 -1 0 0 -1 0 0 -1 0 0 -1 0 0 -1 0 0 -1 0 0 -1 0 0 -1 0 0 -1 0 0 -1 0 0 -1 0 0 -1 0 0 -1 0 0 -1 0 0 -1 0 0 -1 0.6562605 -0.271832 -0.7038676 0.7103311 0 -0.7038677 0.7103311 0 -0.7038677 0.6562605 -0.271832 -0.7038676 0.5022801 -0.5022801 -0.7038676 0.5022801 -0.5022801 -0.7038676 0.271832 -0.6562604 -0.7038676 0.271832 -0.6562604 -0.7038676 0 -0.7103311 -0.7038677 0 -0.7103311 -0.7038677 -0.271832 -0.6562605 -0.7038676 -0.271832 -0.6562605 -0.7038676 -0.5022801 -0.5022801 -0.7038676 -0.5022801 -0.5022801 -0.7038676 -0.6562604 -0.271832 -0.7038676 -0.6562604 -0.271832 -0.7038676 -0.7103311 0 -0.7038677 -0.7103311 0 -0.7038677 -0.6562605 0.271832 -0.7038676 -0.6562605 0.271832 -0.7038676 -0.5022801 0.5022801 -0.7038676 -0.5022801 0.5022801 -0.7038676 -0.271832 0.6562604 -0.7038676 -0.271832 0.6562604 -0.7038676 0 0.7103311 -0.7038677 0 0.7103311 -0.7038677 0.271832 0.6562605 -0.7038676 0.271832 0.6562605 -0.7038676 0.5022801 0.5022801 -0.7038676 0.5022801 0.5022801 -0.7038676 0.6562604 0.271832 -0.7038676 0.6562604 0.271832 -0.7038676 0.05006179 -0.05006179 0.9974906 -0.234407 0.09709454 -0.9672776 -0.2537203 0 -0.9672776 -0.2537203 0 -0.9672776 -0.234407 0.09709454 -0.9672776 -0.1794073 0.1794073 -0.9672776 -0.1794073 0.1794073 -0.9672776 -0.09709454 0.2344069 -0.9672776 -0.09709454 0.2344069 -0.9672776 0 0.2537203 -0.9672776 0 0.2537203 -0.9672776 0.09709454 0.234407 -0.9672776 0.09709454 0.234407 -0.9672776 0.1794073 0.1794073 -0.9672776 0.1794073 0.1794073 -0.9672776 0.2344069 0.09709454 -0.9672776 0.2344069 0.09709454 -0.9672776 0.2537203 0 -0.9672776 0.2537203 0 -0.9672776 0.234407 -0.09709454 -0.9672776 0.234407 -0.09709454 -0.9672776 0.1794073 -0.1794073 -0.9672776 0.1794073 -0.1794073 -0.9672776 0.09709454 -0.2344069 -0.9672776 0.09709454 -0.2344069 -0.9672776 0 -0.2537203 -0.9672776 0 -0.2537203 -0.9672776 -0.09709454 -0.234407 -0.9672776 -0.09709454 -0.234407 -0.9672776 -0.1794073 -0.1794073 -0.9672776 -0.1794073 -0.1794073 -0.9672776 -0.2344069 -0.09709454 -0.9672776 -0.2344069 -0.09709454 -0.9672776 -0.681286 0 -0.7320174 -0.6294261 0.2607169 -0.7320175 -0.6294261 0.2607169 -0.7320175 -0.681286 0 -0.7320174 -0.4817419 0.481742 -0.7320174 -0.4817419 0.481742 -0.7320174 -0.2607169 0.6294262 -0.7320174 -0.2607169 0.6294262 -0.7320174 0 0.681286 -0.7320174 0 0.681286 -0.7320174 0.2607169 0.6294261 -0.7320175 0.2607169 0.6294261 -0.7320175 0.481742 0.4817419 -0.7320174 0.481742 0.4817419 -0.7320174 0.6294262 0.2607169 -0.7320174 0.6294262 0.2607169 -0.7320174 0.681286 0 -0.7320174 0.681286 0 -0.7320174 0.6294261 -0.2607169 -0.7320175 0.6294261 -0.2607169 -0.7320175 0.4817419 -0.481742 -0.7320174 0.4817419 -0.481742 -0.7320174 0.2607169 -0.6294262 -0.7320174 0.2607169 -0.6294262 -0.7320174 0 -0.681286 -0.7320174 0 -0.681286 -0.7320174 -0.2607169 -0.6294261 -0.7320175 -0.2607169 -0.6294261 -0.7320175 -0.481742 -0.4817419 -0.7320174 -0.481742 -0.4817419 -0.7320174 -0.6294262 -0.2607169 -0.7320174 -0.6294262 -0.2607169 -0.7320174 -1 0 0 -1 0 0 -1 0 0 -1 0 0 -1 0 0 -1 0 0 -1 0 0 -1 0 0 -1 0 0 -1 0 0 -1 0 0 -1 0 0 -1 0 0 -1 0 0 0 -0.9964483 -0.0842068 0 -0.9964483 -0.0842068 0 -0.9964483 -0.0842068 0 -0.9964483 -0.0842068 0 -0.9964483 -0.0842068 1 0 0 1 0 0 1 0 0 1 0 0 1 0 0 1 0 0 1 0 0 1 0 0 1 0 0 1 0 0 1 0 0 1 0 0 0 0.9964483 0.08420685 0 0.9964483 0.08420685 0 0.9964483 0.08420685 0 0.9964483 0.08420685 0 0.9964483 0.08420685 0 -0.6097106 -0.7926242 0 -0.6097106 -0.7926242 0 -0.6097106 -0.7926242 0 -0.6097106 -0.7926242 0 0.6097108 0.7926239 0 0.6097108 0.7926239 0 0.6097108 0.7926239 0 0.6097108 0.7926239 0 -0.02324952 -0.9997297 0 -0.02324952 -0.9997297 0 -0.02324952 -0.9997297 0 -0.02324952 -0.9997297 0 0.02324949 0.9997297 0 0.02324949 0.9997297 0 0.02324949 0.9997297 0 0.02324949 0.9997297 0 0.529999 -0.8479983 0 0.529999 -0.8479983 0 0.529999 -0.8479983 0 0.529999 -0.8479983 1 0 0 1 0 0 1 0 0 1 0 0 1 0 0 0 -0.5299988 0.8479984 0 -0.5299988 0.8479984 0 -0.5299988 0.8479984 0 -0.5299988 0.8479984 0 0.975884 -0.2182898 0 0.975884 -0.2182898 0 0.975884 -0.2182898 0 0.975884 -0.2182898 0 -0.975884 0.2182898 0 -0.975884 0.2182898 0 -0.975884 0.2182898 0 -0.975884 0.2182898  
